date,version,lastUpdated,install,averagerating,ratingcount,trendingdaily,updateCount,weightedRating,downloadCount
2025-02-07,0.0.1,2025-02-07T09:35:45.84+00:00,1,5,1,0,2,4.403204729309272,4
2025-02-08,0.0.1,2025-02-07T09:35:45.84+00:00,4,5,1,0,2,4.403204729309272,2
2025-02-09,0.0.1,2025-02-07T09:35:45.84+00:00,12,5,2,0,2,4.403204729309272,4
2025-02-10,0.0.2,2025-02-10T09:13:15.687+00:00,13,5,1,0,2,4.403204729309272,4
2025-02-12,0.0.4,2025-02-12T09:55:57.49+00:00,21,5,1,0,2,4.403204729309272,8
2025-02-12,0.0.4,2025-02-12T09:55:57.49+00:00,21,5,1,0,2,4.403204729309272,8
2025-02-12,0.0.4,2025-02-12T09:55:57.49+00:00,21,5,1,0,2,4.403204729309272,8
2025-02-12,0.0.4,2025-02-12T09:55:57.49+00:00,21,5,4,0,2,4.403204729309272,8
2025-02-13,0.0.5,2025-02-12T13:01:37.257+00:00,35,5,1,0,2,4.403204729309272,13
2025-02-13,0.0.5,2025-02-12T13:01:37.257+00:00,35,5,5,0,2,4.403204729309272,13
2025-02-13,0.0.5,2025-02-12T13:01:37.257+00:00,35,1,1,0,2,4.403204729309272,13
2025-02-13,0.0.5,2025-02-12T13:01:37.257+00:00,35,5,1,0,2,4.403204729309272,13
2025-02-14,0.0.7,2025-02-14T10:19:36.94+00:00,46,5,1,0,2,4.403204729309272,16
2025-02-14,0.0.7,2025-02-14T10:19:36.94+00:00,46,5,1,0,2,4.403204729309272,16
2025-02-14,0.0.7,2025-02-14T10:19:36.94+00:00,46,5,1,0,2,4.403204729309272,16
2025-02-14,0.0.7,2025-02-14T10:19:36.94+00:00,46,5,1,0,2,4.403204729309272,16
2025-02-15,0.0.7,2025-02-14T10:19:36.94+00:00,58,5,1,0,3,4.457458844826611,24
2025-02-15,0.0.7,2025-02-14T10:19:36.94+00:00,58,5,1,0,3,4.457458844826611,24
2025-02-15,0.0.7,2025-02-14T10:19:36.94+00:00,58,5,1,0,3,4.457458844826611,24
2025-02-15,0.0.7,2025-02-14T10:19:36.94+00:00,58,5,1,0,3,4.457458844826611,24
2025-02-16,0.0.7,2025-02-14T10:19:36.94+00:00,67,5,1,0,5,4.457458844826611,24
2025-02-16,0.0.7,2025-02-14T10:19:36.94+00:00,67,5,1,0,5,4.457458844826611,24
2025-02-16,0.0.7,2025-02-14T10:19:36.94+00:00,67,5,1,0,5,4.457458844826611,24
2025-02-16,0.0.7,2025-02-14T10:19:36.94+00:00,67,5,1,0,5,4.457458844826611,24
2025-02-17,0.0.7,2025-02-14T10:19:36.94+00:00,72,5,2,0,9,4.457458844826611,24
2025-02-17,0.0.7,2025-02-14T10:19:36.94+00:00,72,5,2,0,9,4.457458844826611,24
2025-02-17,0.0.7,2025-02-14T10:19:36.94+00:00,72,5,2,0,9,4.457458844826611,24
2025-02-17,0.0.7,2025-02-14T10:19:36.94+00:00,72,5,2,0,9,4.457458844826611,24
2025-02-18,0.0.7,2025-02-14T10:19:36.94+00:00,82,5,2,0,9,4.502670607757727,31
2025-02-18,0.0.7,2025-02-14T10:19:36.94+00:00,82,5,2,0,9,4.502670607757727,31
2025-02-18,0.0.7,2025-02-14T10:19:36.94+00:00,82,5,2,0,9,4.502670607757727,31
2025-02-18,0.0.7,2025-02-14T10:19:36.94+00:00,82,5,2,0,9,4.502670607757727,31
2025-02-19,0.0.7,2025-02-14T10:19:36.94+00:00,89,5,2,0,9,4.502670607757727,32
2025-02-19,0.0.7,2025-02-14T10:19:36.94+00:00,89,5,2,0,9,4.502670607757727,32
2025-02-19,0.0.7,2025-02-14T10:19:36.94+00:00,89,5,2,0,9,4.502670607757727,32
2025-02-19,0.0.7,2025-02-14T10:19:36.94+00:00,89,5,2,0,9,4.502670607757727,32
2025-02-20,0.0.7,2025-02-14T10:19:36.94+00:00,100,5,2,0,9,4.502670607757727,32
2025-02-20,0.0.7,2025-02-14T10:19:36.94+00:00,100,5,2,0,9,4.502670607757727,32
2025-02-20,0.0.7,2025-02-14T10:19:36.94+00:00,100,5,2,0,9,4.502670607757727,32
2025-02-20,0.0.7,2025-02-14T10:19:36.94+00:00,100,5,2,0,9,4.502670607757727,32
2025-02-21,0.0.7,2025-02-14T10:19:36.94+00:00,113,5,2,0,9,4.502670607757727,32
2025-02-21,0.0.7,2025-02-14T10:19:36.94+00:00,113,5,2,0,9,4.502670607757727,32
2025-02-21,0.0.7,2025-02-14T10:19:36.94+00:00,113,5,2,0,9,4.502670607757727,32
2025-02-21,0.0.7,2025-02-14T10:19:36.94+00:00,113,5,2,0,9,4.502670607757727,32
2025-02-22,0.0.7,2025-02-14T10:19:36.94+00:00,129,5,2,0,9,4.502670607757727,32
2025-02-22,0.0.7,2025-02-14T10:19:36.94+00:00,129,5,2,0,9,4.502670607757727,32
2025-02-22,0.0.7,2025-02-14T10:19:36.94+00:00,129,5,2,0,9,4.502670607757727,32
2025-02-22,0.0.7,2025-02-14T10:19:36.94+00:00,129,5,2,0,9,4.502670607757727,32
2025-02-23,0.0.7,2025-02-14T10:19:36.94+00:00,141,5,2,0,9,4.502670607757727,32
2025-02-23,0.0.7,2025-02-14T10:19:36.94+00:00,141,5,2,0,9,4.502670607757727,32
2025-02-23,0.0.7,2025-02-14T10:19:36.94+00:00,141,5,2,0,9,4.502670607757727,32
2025-02-23,0.0.7,2025-02-14T10:19:36.94+00:00,141,5,2,0,9,4.502670607757727,32
2025-02-24,0.0.7,2025-02-14T10:19:36.94+00:00,151,5,2,0,10,4.502670607757727,32
2025-02-24,0.0.7,2025-02-14T10:19:36.94+00:00,151,5,2,0,10,4.502670607757727,32
2025-02-24,0.0.7,2025-02-14T10:19:36.94+00:00,151,5,2,0,10,4.502670607757727,32
2025-02-24,0.0.7,2025-02-14T10:19:36.94+00:00,151,5,2,0,10,4.502670607757727,32
2025-02-25,0.0.7,2025-02-14T10:19:36.94+00:00,159,5,2,0,10,4.502670607757727,32
2025-02-25,0.0.7,2025-02-14T10:19:36.94+00:00,159,5,2,0,10,4.502670607757727,32
2025-02-25,0.0.7,2025-02-14T10:19:36.94+00:00,159,5,2,0,10,4.502670607757727,32
2025-02-25,0.0.7,2025-02-14T10:19:36.94+00:00,159,5,2,0,10,4.502670607757727,32
2025-02-26,0.0.8,2025-02-26T10:14:11.54+00:00,165,5,2,0,10,4.502670607757727,32
2025-02-26,0.0.8,2025-02-26T10:14:11.54+00:00,165,5,2,0,10,4.502670607757727,32
2025-02-26,0.0.8,2025-02-26T10:14:11.54+00:00,165,5,2,0,10,4.502670607757727,32
2025-02-26,0.0.8,2025-02-26T10:14:11.54+00:00,165,5,2,0,10,4.502670607757727,32
2025-02-27,0.0.8,2025-02-26T10:14:11.54+00:00,186,5,2,0,12,4.502670607757727,36
2025-02-27,0.0.8,2025-02-26T10:14:11.54+00:00,186,5,2,0,12,4.502670607757727,36
2025-02-27,0.0.8,2025-02-26T10:14:11.54+00:00,186,5,2,0,12,4.502670607757727,36
2025-02-27,0.0.8,2025-02-26T10:14:11.54+00:00,186,5,2,0,12,4.502670607757727,36
2025-02-28,0.0.8,2025-02-26T10:14:11.54+00:00,206,5,2,0,17,4.502670607757727,36
2025-02-28,0.0.8,2025-02-26T10:14:11.54+00:00,206,5,2,0,17,4.502670607757727,36
2025-02-28,0.0.8,2025-02-26T10:14:11.54+00:00,206,5,2,0,17,4.502670607757727,36
2025-02-28,0.0.8,2025-02-26T10:14:11.54+00:00,206,5,2,0,17,4.502670607757727,36
2025-03-01,0.0.8,2025-02-26T10:14:11.54+00:00,219,5,2,0,21,4.502670607757727,37
2025-03-01,0.0.8,2025-02-26T10:14:11.54+00:00,219,5,2,0,21,4.502670607757727,37
2025-03-01,0.0.8,2025-02-26T10:14:11.54+00:00,219,5,2,0,21,4.502670607757727,37
2025-03-01,0.0.8,2025-02-26T10:14:11.54+00:00,219,5,2,0,21,4.502670607757727,37
2025-03-02,0.0.8,2025-02-26T10:14:11.54+00:00,226,5,2,0,22,4.502670607757727,37
2025-03-02,0.0.8,2025-02-26T10:14:11.54+00:00,226,5,2,0,22,4.502670607757727,37
2025-03-02,0.0.8,2025-02-26T10:14:11.54+00:00,226,5,2,0,22,4.502670607757727,37
2025-03-02,0.0.8,2025-02-26T10:14:11.54+00:00,226,5,2,0,22,4.502670607757727,37
2025-03-03,0.0.8,2025-02-26T10:14:11.54+00:00,245,5,2,0,22,4.502670607757727,46
2025-03-03,0.0.8,2025-02-26T10:14:11.54+00:00,245,5,2,0,22,4.502670607757727,46
2025-03-03,0.0.8,2025-02-26T10:14:11.54+00:00,245,5,2,0,22,4.502670607757727,46
2025-03-03,0.0.8,2025-02-26T10:14:11.54+00:00,245,5,2,0,22,4.502670607757727,46
2025-03-04,0.0.8,2025-02-26T10:14:11.54+00:00,257,5,2,0.390625,27,4.502670607757727,47
2025-03-04,0.0.8,2025-02-26T10:14:11.54+00:00,257,5,2,0.390625,27,4.502670607757727,47
2025-03-04,0.0.8,2025-02-26T10:14:11.54+00:00,257,5,2,0.390625,27,4.502670607757727,47
2025-03-04,0.0.8,2025-02-26T10:14:11.54+00:00,257,5,2,0.390625,27,4.502670607757727,47
2025-03-05,0.0.8,2025-02-26T10:14:11.54+00:00,267,5,2,0,30,4.502670607757727,47
2025-03-05,0.0.8,2025-02-26T10:14:11.54+00:00,267,5,2,0,30,4.502670607757727,47
2025-03-05,0.0.8,2025-02-26T10:14:11.54+00:00,267,5,2,0,30,4.502670607757727,47
2025-03-05,0.0.8,2025-02-26T10:14:11.54+00:00,267,5,2,0,30,4.502670607757727,47
2025-03-06,0.0.8,2025-02-26T10:14:11.54+00:00,283,5,2,0.36496350364963503,34,4.502670607757727,48
2025-03-06,0.0.8,2025-02-26T10:14:11.54+00:00,283,5,2,0.36496350364963503,34,4.502670607757727,48
2025-03-06,0.0.8,2025-02-26T10:14:11.54+00:00,283,5,2,0.36496350364963503,34,4.502670607757727,48
2025-03-06,0.0.8,2025-02-26T10:14:11.54+00:00,283,5,2,0.36496350364963503,34,4.502670607757727,48
2025-03-07,0.0.8,2025-02-26T10:14:11.54+00:00,293,5,2,0,35,4.502670607757727,48
2025-03-07,0.0.8,2025-02-26T10:14:11.54+00:00,293,5,2,0,35,4.502670607757727,48
2025-03-07,0.0.8,2025-02-26T10:14:11.54+00:00,293,5,2,0,35,4.502670607757727,48
2025-03-07,0.0.8,2025-02-26T10:14:11.54+00:00,293,5,2,0,35,4.502670607757727,48
2025-03-08,0.0.8,2025-02-26T10:14:11.54+00:00,302,5,2,0,35,4.502670607757727,48
2025-03-08,0.0.8,2025-02-26T10:14:11.54+00:00,302,5,2,0,35,4.502670607757727,48
2025-03-08,0.0.8,2025-02-26T10:14:11.54+00:00,302,5,2,0,35,4.502670607757727,48
2025-03-08,0.0.8,2025-02-26T10:14:11.54+00:00,302,5,2,0,35,4.502670607757727,48
2025-03-09,0.0.8,2025-02-26T10:14:11.54+00:00,318,5,2,0,35,4.502670607757727,49
2025-03-09,0.0.8,2025-02-26T10:14:11.54+00:00,318,5,2,0,35,4.502670607757727,49
2025-03-09,0.0.8,2025-02-26T10:14:11.54+00:00,318,5,2,0,35,4.502670607757727,49
2025-03-09,0.0.8,2025-02-26T10:14:11.54+00:00,318,5,2,0,35,4.502670607757727,49
2025-03-10,0.0.8,2025-02-26T10:14:11.54+00:00,333,5,2,0,35,4.502670607757727,49
2025-03-10,0.0.8,2025-02-26T10:14:11.54+00:00,333,5,2,0,35,4.502670607757727,49
2025-03-10,0.0.8,2025-02-26T10:14:11.54+00:00,333,5,2,0,35,4.502670607757727,49
2025-03-10,0.0.8,2025-02-26T10:14:11.54+00:00,333,5,2,0,35,4.502670607757727,49
2025-03-11,0.0.8,2025-02-26T10:14:11.54+00:00,344,5,2,0.2949852507374631,35,4.502670607757727,49
2025-03-11,0.0.8,2025-02-26T10:14:11.54+00:00,344,5,2,0.2949852507374631,35,4.502670607757727,49
2025-03-11,0.0.8,2025-02-26T10:14:11.54+00:00,344,5,2,0.2949852507374631,35,4.502670607757727,49
2025-03-11,0.0.8,2025-02-26T10:14:11.54+00:00,344,5,2,0.2949852507374631,35,4.502670607757727,49
2025-03-12,0.0.8,2025-02-26T10:14:11.54+00:00,360,5,2,0,35,4.502670607757727,50
2025-03-12,0.0.8,2025-02-26T10:14:11.54+00:00,360,5,2,0,35,4.502670607757727,50
2025-03-12,0.0.8,2025-02-26T10:14:11.54+00:00,360,5,2,0,35,4.502670607757727,50
2025-03-12,0.0.8,2025-02-26T10:14:11.54+00:00,360,5,2,0,35,4.502670607757727,50
2025-03-13,0.0.8,2025-02-26T10:14:11.54+00:00,374,5,2,0.2680965147453083,35,4.502670607757727,50
2025-03-13,0.0.8,2025-02-26T10:14:11.54+00:00,374,5,2,0.2680965147453083,35,4.502670607757727,50
2025-03-13,0.0.8,2025-02-26T10:14:11.54+00:00,374,5,2,0.2680965147453083,35,4.502670607757727,50
2025-03-13,0.0.8,2025-02-26T10:14:11.54+00:00,374,5,2,0.2680965147453083,35,4.502670607757727,50
2025-03-14,0.0.8,2025-02-26T10:14:11.54+00:00,383,5,2,0.2638522427440633,36,4.502670607757727,55
2025-03-14,0.0.8,2025-02-26T10:14:11.54+00:00,383,5,2,0.2638522427440633,36,4.502670607757727,55
2025-03-14,0.0.8,2025-02-26T10:14:11.54+00:00,383,5,2,0.2638522427440633,36,4.502670607757727,55
2025-03-14,0.0.8,2025-02-26T10:14:11.54+00:00,383,5,2,0.2638522427440633,36,4.502670607757727,55
2025-03-15,0.0.8,2025-02-26T10:14:11.54+00:00,396,5,2,0.5102040816326531,36,4.502670607757727,57
2025-03-15,0.0.8,2025-02-26T10:14:11.54+00:00,396,5,2,0.5102040816326531,36,4.502670607757727,57
2025-03-15,0.0.8,2025-02-26T10:14:11.54+00:00,396,5,2,0.5102040816326531,36,4.502670607757727,57
2025-03-15,0.0.8,2025-02-26T10:14:11.54+00:00,396,5,2,0.5102040816326531,36,4.502670607757727,57
2025-03-16,0.0.8,2025-02-26T10:14:11.54+00:00,407,5,2,0,36,4.502670607757727,59
2025-03-16,0.0.8,2025-02-26T10:14:11.54+00:00,407,5,2,0,36,4.502670607757727,59
2025-03-16,0.0.8,2025-02-26T10:14:11.54+00:00,407,5,2,0,36,4.502670607757727,59
2025-03-16,0.0.8,2025-02-26T10:14:11.54+00:00,407,5,2,0,36,4.502670607757727,59
2025-03-17,0.0.8,2025-02-26T10:14:11.54+00:00,420,5,2,0,36,4.502670607757727,60
2025-03-17,0.0.8,2025-02-26T10:14:11.54+00:00,420,5,2,0,36,4.502670607757727,60
2025-03-17,0.0.8,2025-02-26T10:14:11.54+00:00,420,5,2,0,36,4.502670607757727,60
2025-03-17,0.0.8,2025-02-26T10:14:11.54+00:00,420,5,2,0,36,4.502670607757727,60
2025-03-18,0.0.8,2025-02-26T10:14:11.54+00:00,430,5,2,0,36,4.502670607757727,60
2025-03-18,0.0.8,2025-02-26T10:14:11.54+00:00,430,5,2,0,36,4.502670607757727,60
2025-03-18,0.0.8,2025-02-26T10:14:11.54+00:00,430,5,2,0,36,4.502670607757727,60
2025-03-18,0.0.8,2025-02-26T10:14:11.54+00:00,430,5,2,0,36,4.502670607757727,60
2025-03-19,0.0.8,2025-02-26T10:14:11.54+00:00,442,5,2,0,36,4.502670607757727,62
2025-03-19,0.0.8,2025-02-26T10:14:11.54+00:00,442,5,2,0,36,4.502670607757727,62
2025-03-19,0.0.8,2025-02-26T10:14:11.54+00:00,442,5,2,0,36,4.502670607757727,62
2025-03-19,0.0.8,2025-02-26T10:14:11.54+00:00,442,5,2,0,36,4.502670607757727,62
2025-03-20,0.0.8,2025-02-26T10:14:11.54+00:00,453,5,2,0,36,4.502670607757727,65
2025-03-20,0.0.8,2025-02-26T10:14:11.54+00:00,453,5,2,0,36,4.502670607757727,65
2025-03-20,0.0.8,2025-02-26T10:14:11.54+00:00,453,5,2,0,36,4.502670607757727,65
2025-03-20,0.0.8,2025-02-26T10:14:11.54+00:00,453,5,2,0,36,4.502670607757727,65
2025-03-21,0.0.8,2025-02-26T10:14:11.54+00:00,470,5,2,0,36,4.502670607757727,67
2025-03-21,0.0.8,2025-02-26T10:14:11.54+00:00,470,5,2,0,36,4.502670607757727,67
2025-03-21,0.0.8,2025-02-26T10:14:11.54+00:00,470,5,2,0,36,4.502670607757727,67
2025-03-21,0.0.8,2025-02-26T10:14:11.54+00:00,470,5,2,0,36,4.502670607757727,67
2025-03-22,0.0.8,2025-02-26T10:14:11.54+00:00,479,5,2,0,36,4.502670607757727,70
2025-03-22,0.0.8,2025-02-26T10:14:11.54+00:00,479,5,2,0,36,4.502670607757727,70
2025-03-22,0.0.8,2025-02-26T10:14:11.54+00:00,479,5,2,0,36,4.502670607757727,70
2025-03-22,0.0.8,2025-02-26T10:14:11.54+00:00,479,5,2,0,36,4.502670607757727,70
2025-03-23,0.0.8,2025-02-26T10:14:11.54+00:00,488,5,2,0.411522633744856,36,4.502670607757727,72
2025-03-23,0.0.8,2025-02-26T10:14:11.54+00:00,488,5,2,0.411522633744856,36,4.502670607757727,72
2025-03-23,0.0.8,2025-02-26T10:14:11.54+00:00,488,5,2,0.411522633744856,36,4.502670607757727,72
2025-03-23,0.0.8,2025-02-26T10:14:11.54+00:00,488,5,2,0.411522633744856,36,4.502670607757727,72
2025-03-24,0.0.8,2025-02-26T10:14:11.54+00:00,494,5,2,0,36,4.502670607757727,74
2025-03-24,0.0.8,2025-02-26T10:14:11.54+00:00,494,5,2,0,36,4.502670607757727,74
2025-03-24,0.0.8,2025-02-26T10:14:11.54+00:00,494,5,2,0,36,4.502670607757727,74
2025-03-24,0.0.8,2025-02-26T10:14:11.54+00:00,494,5,2,0,36,4.502670607757727,74
2025-03-25,0.0.8,2025-02-26T10:14:11.54+00:00,502,5,2,0.2004008016032064,36,4.502670607757727,77
2025-03-25,0.0.8,2025-02-26T10:14:11.54+00:00,502,5,2,0.2004008016032064,36,4.502670607757727,77
2025-03-25,0.0.8,2025-02-26T10:14:11.54+00:00,502,5,2,0.2004008016032064,36,4.502670607757727,77
2025-03-25,0.0.8,2025-02-26T10:14:11.54+00:00,502,5,2,0.2004008016032064,36,4.502670607757727,77
2025-03-26,0.0.8,2025-02-26T10:14:11.54+00:00,513,5,2,0.19685039370078738,36,4.502670607757727,80
2025-03-26,0.0.8,2025-02-26T10:14:11.54+00:00,513,5,2,0.19685039370078738,36,4.502670607757727,80
2025-03-26,0.0.8,2025-02-26T10:14:11.54+00:00,513,5,2,0.19685039370078738,36,4.502670607757727,80
2025-03-26,0.0.8,2025-02-26T10:14:11.54+00:00,513,5,2,0.19685039370078738,36,4.502670607757727,80
2025-03-27,0.0.8,2025-02-26T10:14:11.54+00:00,528,5,2,0,37,4.502670607757727,81
2025-03-27,0.0.8,2025-02-26T10:14:11.54+00:00,528,5,2,0,37,4.502670607757727,81
2025-03-27,0.0.8,2025-02-26T10:14:11.54+00:00,528,5,2,0,37,4.502670607757727,81
2025-03-27,0.0.8,2025-02-26T10:14:11.54+00:00,528,5,2,0,37,4.502670607757727,81
2025-03-28,0.0.8,2025-02-26T10:14:11.54+00:00,538,5,2,0.1869158878504673,37,4.502670607757727,82
2025-03-28,0.0.8,2025-02-26T10:14:11.54+00:00,538,5,2,0.1869158878504673,37,4.502670607757727,82
2025-03-28,0.0.8,2025-02-26T10:14:11.54+00:00,538,5,2,0.1869158878504673,37,4.502670607757727,82
2025-03-28,0.0.8,2025-02-26T10:14:11.54+00:00,538,5,2,0.1869158878504673,37,4.502670607757727,82
2025-03-29,0.0.8,2025-02-26T10:14:11.54+00:00,551,5,2,0,37,4.502670607757727,83
2025-03-29,0.0.8,2025-02-26T10:14:11.54+00:00,551,5,2,0,37,4.502670607757727,83
2025-03-29,0.0.8,2025-02-26T10:14:11.54+00:00,551,5,2,0,37,4.502670607757727,83
2025-03-29,0.0.8,2025-02-26T10:14:11.54+00:00,551,5,2,0,37,4.502670607757727,83
2025-03-30,0.0.8,2025-02-26T10:14:11.54+00:00,557,5,2,0,37,4.502670607757727,83
2025-03-30,0.0.8,2025-02-26T10:14:11.54+00:00,557,5,2,0,37,4.502670607757727,83
2025-03-30,0.0.8,2025-02-26T10:14:11.54+00:00,557,5,2,0,37,4.502670607757727,83
2025-03-30,0.0.8,2025-02-26T10:14:11.54+00:00,557,5,2,0,37,4.502670607757727,83
2025-03-31,0.0.8,2025-02-26T10:14:11.54+00:00,562,5,2,0,37,4.502670607757727,85
2025-03-31,0.0.8,2025-02-26T10:14:11.54+00:00,562,5,2,0,37,4.502670607757727,85
2025-03-31,0.0.8,2025-02-26T10:14:11.54+00:00,562,5,2,0,37,4.502670607757727,85
2025-03-31,0.0.8,2025-02-26T10:14:11.54+00:00,562,5,2,0,37,4.502670607757727,85
2025-04-01,0.0.8,2025-02-26T10:14:11.54+00:00,573,5,2,0,37,4.502670607757727,88
2025-04-01,0.0.8,2025-02-26T10:14:11.54+00:00,573,5,2,0,37,4.502670607757727,88
2025-04-01,0.0.8,2025-02-26T10:14:11.54+00:00,573,5,2,0,37,4.502670607757727,88
2025-04-01,0.0.8,2025-02-26T10:14:11.54+00:00,573,5,2,0,37,4.502670607757727,88
2025-04-02,0.0.8,2025-02-26T10:14:11.54+00:00,580,5,2,0,37,4.502670607757727,90
2025-04-02,0.0.8,2025-02-26T10:14:11.54+00:00,580,5,2,0,37,4.502670607757727,90
2025-04-02,0.0.8,2025-02-26T10:14:11.54+00:00,580,5,2,0,37,4.502670607757727,90
2025-04-02,0.0.8,2025-02-26T10:14:11.54+00:00,580,5,2,0,37,4.502670607757727,90
2025-04-03,0.0.8,2025-02-26T10:14:11.54+00:00,585,5,2,0,37,4.502670607757727,91
2025-04-03,0.0.8,2025-02-26T10:14:11.54+00:00,585,5,2,0,37,4.502670607757727,91
2025-04-03,0.0.8,2025-02-26T10:14:11.54+00:00,585,5,2,0,37,4.502670607757727,91
2025-04-03,0.0.8,2025-02-26T10:14:11.54+00:00,585,5,2,0,37,4.502670607757727,91
2025-04-04,0.0.8,2025-02-26T10:14:11.54+00:00,594,5,2,0,37,4.502670607757727,93
2025-04-04,0.0.8,2025-02-26T10:14:11.54+00:00,594,5,2,0,37,4.502670607757727,93
2025-04-04,0.0.8,2025-02-26T10:14:11.54+00:00,594,5,2,0,37,4.502670607757727,93
2025-04-04,0.0.8,2025-02-26T10:14:11.54+00:00,594,5,2,0,37,4.502670607757727,93
2025-04-05,0.0.8,2025-02-26T10:14:11.54+00:00,604,5,2,0,38,4.502670607757727,95
2025-04-05,0.0.8,2025-02-26T10:14:11.54+00:00,604,5,2,0,38,4.502670607757727,95
2025-04-05,0.0.8,2025-02-26T10:14:11.54+00:00,604,5,2,0,38,4.502670607757727,95
2025-04-05,0.0.8,2025-02-26T10:14:11.54+00:00,604,5,2,0,38,4.502670607757727,95
2025-04-06,0.0.8,2025-02-26T10:14:11.54+00:00,617,5,2,0,38,4.502670607757727,96
2025-04-06,0.0.8,2025-02-26T10:14:11.54+00:00,617,5,2,0,38,4.502670607757727,96
2025-04-06,0.0.8,2025-02-26T10:14:11.54+00:00,617,5,2,0,38,4.502670607757727,96
2025-04-06,0.0.8,2025-02-26T10:14:11.54+00:00,617,5,2,0,38,4.502670607757727,96
2025-04-07,0.0.8,2025-02-26T10:14:11.54+00:00,626,5,2,0,38,4.502670607757727,98
2025-04-07,0.0.8,2025-02-26T10:14:11.54+00:00,626,5,2,0,38,4.502670607757727,98
2025-04-07,0.0.8,2025-02-26T10:14:11.54+00:00,626,5,2,0,38,4.502670607757727,98
2025-04-07,0.0.8,2025-02-26T10:14:11.54+00:00,626,5,2,0,38,4.502670607757727,98
2025-04-08,0.0.8,2025-02-26T10:14:11.54+00:00,634,5,2,0.15923566878980894,38,4.502670607757727,99
2025-04-08,0.0.8,2025-02-26T10:14:11.54+00:00,634,5,2,0.15923566878980894,38,4.502670607757727,99
2025-04-08,0.0.8,2025-02-26T10:14:11.54+00:00,634,5,2,0.15923566878980894,38,4.502670607757727,99
2025-04-08,0.0.8,2025-02-26T10:14:11.54+00:00,634,5,2,0.15923566878980894,38,4.502670607757727,99
2025-04-09,0.0.8,2025-02-26T10:14:11.54+00:00,648,5,2,0.15527950310559005,38,4.502670607757727,100
2025-04-09,0.0.8,2025-02-26T10:14:11.54+00:00,648,5,2,0.15527950310559005,38,4.502670607757727,100
2025-04-09,0.0.8,2025-02-26T10:14:11.54+00:00,648,5,2,0.15527950310559005,38,4.502670607757727,100
2025-04-09,0.0.8,2025-02-26T10:14:11.54+00:00,648,5,2,0.15527950310559005,38,4.502670607757727,100
2025-04-10,0.0.8,2025-02-26T10:14:11.54+00:00,657,5,2,0,38,4.502670607757727,101
2025-04-10,0.0.8,2025-02-26T10:14:11.54+00:00,657,5,2,0,38,4.502670607757727,101
2025-04-10,0.0.8,2025-02-26T10:14:11.54+00:00,657,5,2,0,38,4.502670607757727,101
2025-04-10,0.0.8,2025-02-26T10:14:11.54+00:00,657,5,2,0,38,4.502670607757727,101
2025-04-11,0.0.8,2025-02-26T10:14:11.54+00:00,668,5,2,0.15037593984962408,38,4.502670607757727,101
2025-04-11,0.0.8,2025-02-26T10:14:11.54+00:00,668,5,2,0.15037593984962408,38,4.502670607757727,101
2025-04-11,0.0.8,2025-02-26T10:14:11.54+00:00,668,5,2,0.15037593984962408,38,4.502670607757727,101
2025-04-11,0.0.8,2025-02-26T10:14:11.54+00:00,668,5,2,0.15037593984962408,38,4.502670607757727,101
2025-04-12,0.0.8,2025-02-26T10:14:11.54+00:00,676,5,2,0,38,4.502670607757727,101
2025-04-12,0.0.8,2025-02-26T10:14:11.54+00:00,676,5,2,0,38,4.502670607757727,101
2025-04-12,0.0.8,2025-02-26T10:14:11.54+00:00,676,5,2,0,38,4.502670607757727,101
2025-04-12,0.0.8,2025-02-26T10:14:11.54+00:00,676,5,2,0,38,4.502670607757727,101
2025-04-13,0.0.8,2025-02-26T10:14:11.54+00:00,686,5,2,0,38,4.502670607757727,102
2025-04-13,0.0.8,2025-02-26T10:14:11.54+00:00,686,5,2,0,38,4.502670607757727,102
2025-04-13,0.0.8,2025-02-26T10:14:11.54+00:00,686,5,2,0,38,4.502670607757727,102
2025-04-13,0.0.8,2025-02-26T10:14:11.54+00:00,686,5,2,0,38,4.502670607757727,102
2025-04-14,0.0.8,2025-02-26T10:14:11.54+00:00,698,5,2,0,38,4.502670607757727,103
2025-04-14,0.0.8,2025-02-26T10:14:11.54+00:00,698,5,2,0,38,4.502670607757727,103
2025-04-14,0.0.8,2025-02-26T10:14:11.54+00:00,698,5,2,0,38,4.502670607757727,103
2025-04-14,0.0.8,2025-02-26T10:14:11.54+00:00,698,5,2,0,38,4.502670607757727,103
2025-04-15,0.0.8,2025-02-26T10:14:11.54+00:00,703,5,2,0,38,4.502670607757727,105
2025-04-15,0.0.8,2025-02-26T10:14:11.54+00:00,703,5,2,0,38,4.502670607757727,105
2025-04-15,0.0.8,2025-02-26T10:14:11.54+00:00,703,5,2,0,38,4.502670607757727,105
2025-04-15,0.0.8,2025-02-26T10:14:11.54+00:00,703,5,2,0,38,4.502670607757727,105
2025-04-16,0.0.8,2025-02-26T10:14:11.54+00:00,709,5,2,0,38,4.502670607757727,105
2025-04-16,0.0.8,2025-02-26T10:14:11.54+00:00,709,5,2,0,38,4.502670607757727,105
2025-04-16,0.0.8,2025-02-26T10:14:11.54+00:00,709,5,2,0,38,4.502670607757727,105
2025-04-16,0.0.8,2025-02-26T10:14:11.54+00:00,709,5,2,0,38,4.502670607757727,105
2025-04-17,0.0.8,2025-02-26T10:14:11.54+00:00,720,5,2,0,38,4.502670607757727,106
2025-04-17,0.0.8,2025-02-26T10:14:11.54+00:00,720,5,2,0,38,4.502670607757727,106
2025-04-17,0.0.8,2025-02-26T10:14:11.54+00:00,720,5,2,0,38,4.502670607757727,106
2025-04-17,0.0.8,2025-02-26T10:14:11.54+00:00,720,5,2,0,38,4.502670607757727,106
2025-04-18,0.0.8,2025-02-26T10:14:11.54+00:00,732,5,2,0,38,4.502670607757727,107
2025-04-18,0.0.8,2025-02-26T10:14:11.54+00:00,732,5,2,0,38,4.502670607757727,107
2025-04-18,0.0.8,2025-02-26T10:14:11.54+00:00,732,5,2,0,38,4.502670607757727,107
2025-04-18,0.0.8,2025-02-26T10:14:11.54+00:00,732,5,2,0,38,4.502670607757727,107
2025-04-19,0.0.8,2025-02-26T10:14:11.54+00:00,739,5,2,0,38,4.502670607757727,107
2025-04-19,0.0.8,2025-02-26T10:14:11.54+00:00,739,5,2,0,38,4.502670607757727,107
2025-04-19,0.0.8,2025-02-26T10:14:11.54+00:00,739,5,2,0,38,4.502670607757727,107
2025-04-19,0.0.8,2025-02-26T10:14:11.54+00:00,739,5,2,0,38,4.502670607757727,107
2025-04-20,0.0.8,2025-02-26T10:14:11.54+00:00,747,5,2,0,39,4.502670607757727,109
2025-04-20,0.0.8,2025-02-26T10:14:11.54+00:00,747,5,2,0,39,4.502670607757727,109
2025-04-20,0.0.8,2025-02-26T10:14:11.54+00:00,747,5,2,0,39,4.502670607757727,109
2025-04-20,0.0.8,2025-02-26T10:14:11.54+00:00,747,5,2,0,39,4.502670607757727,109
2025-04-21,0.0.8,2025-02-26T10:14:11.54+00:00,754,5,2,0.13315579227696406,39,4.502670607757727,110
2025-04-21,0.0.8,2025-02-26T10:14:11.54+00:00,754,5,2,0.13315579227696406,39,4.502670607757727,110
2025-04-21,0.0.8,2025-02-26T10:14:11.54+00:00,754,5,2,0.13315579227696406,39,4.502670607757727,110
2025-04-21,0.0.8,2025-02-26T10:14:11.54+00:00,754,5,2,0.13315579227696406,39,4.502670607757727,110
2025-04-22,0.0.8,2025-02-26T10:14:11.54+00:00,762,5,2,0,39,4.502670607757727,112
2025-04-22,0.0.8,2025-02-26T10:14:11.54+00:00,762,5,2,0,39,4.502670607757727,112
2025-04-22,0.0.8,2025-02-26T10:14:11.54+00:00,762,5,2,0,39,4.502670607757727,112
2025-04-22,0.0.8,2025-02-26T10:14:11.54+00:00,762,5,2,0,39,4.502670607757727,112
2025-04-23,0.0.8,2025-02-26T10:14:11.54+00:00,771,5,2,0,39,4.502670607757727,112
2025-04-23,0.0.8,2025-02-26T10:14:11.54+00:00,771,5,2,0,39,4.502670607757727,112
2025-04-23,0.0.8,2025-02-26T10:14:11.54+00:00,771,5,2,0,39,4.502670607757727,112
2025-04-23,0.0.8,2025-02-26T10:14:11.54+00:00,771,5,2,0,39,4.502670607757727,112
2025-04-24,0.0.8,2025-02-26T10:14:11.54+00:00,782,5,2,0,39,4.502670607757727,112
2025-04-24,0.0.8,2025-02-26T10:14:11.54+00:00,782,5,2,0,39,4.502670607757727,112
2025-04-24,0.0.8,2025-02-26T10:14:11.54+00:00,782,5,2,0,39,4.502670607757727,112
2025-04-24,0.0.8,2025-02-26T10:14:11.54+00:00,782,5,2,0,39,4.502670607757727,112
2025-04-25,0.0.8,2025-02-26T10:14:11.54+00:00,791,5,2,0,39,4.502670607757727,113
2025-04-25,0.0.8,2025-02-26T10:14:11.54+00:00,791,5,2,0,39,4.502670607757727,113
2025-04-25,0.0.8,2025-02-26T10:14:11.54+00:00,791,5,2,0,39,4.502670607757727,113
2025-04-25,0.0.8,2025-02-26T10:14:11.54+00:00,791,5,2,0,39,4.502670607757727,113
2025-04-26,0.0.8,2025-02-26T10:14:11.54+00:00,801,5,2,0,39,4.502670607757727,114
2025-04-26,0.0.8,2025-02-26T10:14:11.54+00:00,801,5,2,0,39,4.502670607757727,114
2025-04-26,0.0.8,2025-02-26T10:14:11.54+00:00,801,5,2,0,39,4.502670607757727,114
2025-04-26,0.0.8,2025-02-26T10:14:11.54+00:00,801,5,2,0,39,4.502670607757727,114
2025-04-27,0.0.8,2025-02-26T10:14:11.54+00:00,807,5,2,0,39,4.502670607757727,116
2025-04-27,0.0.8,2025-02-26T10:14:11.54+00:00,807,5,2,0,39,4.502670607757727,116
2025-04-27,0.0.8,2025-02-26T10:14:11.54+00:00,807,5,2,0,39,4.502670607757727,116
2025-04-27,0.0.8,2025-02-26T10:14:11.54+00:00,807,5,2,0,39,4.502670607757727,116
2025-04-28,0.0.8,2025-02-26T10:14:11.54+00:00,814,5,2,0,39,4.502670607757727,118
2025-04-28,0.0.8,2025-02-26T10:14:11.54+00:00,814,5,2,0,39,4.502670607757727,118
2025-04-28,0.0.8,2025-02-26T10:14:11.54+00:00,814,5,2,0,39,4.502670607757727,118
2025-04-28,0.0.8,2025-02-26T10:14:11.54+00:00,814,5,2,0,39,4.502670607757727,118
2025-04-29,0.0.8,2025-02-26T10:14:11.54+00:00,821,5,4,0.1221001221001221,39,4.502670607757727,119
2025-04-29,0.0.8,2025-02-26T10:14:11.54+00:00,821,5,4,0.1221001221001221,39,4.502670607757727,119
2025-04-29,0.0.8,2025-02-26T10:14:11.54+00:00,821,5,4,0.1221001221001221,39,4.502670607757727,119
2025-04-29,0.0.8,2025-02-26T10:14:11.54+00:00,821,5,4,0.1221001221001221,39,4.502670607757727,119
2025-04-30,0.0.8,2025-02-26T10:14:11.54+00:00,832,5,4,0,39,4.573717663792337,120
2025-04-30,0.0.8,2025-02-26T10:14:11.54+00:00,832,5,4,0,39,4.573717663792337,120
2025-04-30,0.0.8,2025-02-26T10:14:11.54+00:00,832,5,4,0,39,4.573717663792337,120
2025-04-30,0.0.8,2025-02-26T10:14:11.54+00:00,832,5,4,0,39,4.573717663792337,120
2025-05-01,0.0.8,2025-02-26T10:14:11.54+00:00,848,5,4,0,39,4.573717663792337,121
2025-05-01,0.0.8,2025-02-26T10:14:11.54+00:00,848,5,4,0,39,4.573717663792337,121
2025-05-01,0.0.8,2025-02-26T10:14:11.54+00:00,848,5,4,0,39,4.573717663792337,121
2025-05-01,0.0.8,2025-02-26T10:14:11.54+00:00,848,5,4,0,39,4.573717663792337,121
2025-05-02,0.0.8,2025-02-26T10:14:11.54+00:00,852,5,4,0,39,4.573717663792337,121
2025-05-02,0.0.8,2025-02-26T10:14:11.54+00:00,852,5,4,0,39,4.573717663792337,121
2025-05-02,0.0.8,2025-02-26T10:14:11.54+00:00,852,5,4,0,39,4.573717663792337,121
2025-05-02,0.0.8,2025-02-26T10:14:11.54+00:00,852,5,4,0,39,4.573717663792337,121
2025-05-03,0.0.8,2025-02-26T10:14:11.54+00:00,860,5,4,0,39,4.573717663792337,122
2025-05-03,0.0.8,2025-02-26T10:14:11.54+00:00,860,5,4,0,39,4.573717663792337,122
2025-05-03,0.0.8,2025-02-26T10:14:11.54+00:00,860,5,4,0,39,4.573717663792337,122
2025-05-03,0.0.8,2025-02-26T10:14:11.54+00:00,860,5,4,0,39,4.573717663792337,122
2025-05-04,0.0.8,2025-02-26T10:14:11.54+00:00,872,5,4,0,40,4.573717663792337,130
2025-05-04,0.0.8,2025-02-26T10:14:11.54+00:00,872,5,4,0,40,4.573717663792337,130
2025-05-04,0.0.8,2025-02-26T10:14:11.54+00:00,872,5,4,0,40,4.573717663792337,130
2025-05-04,0.0.8,2025-02-26T10:14:11.54+00:00,872,5,4,0,40,4.573717663792337,130
2025-05-05,0.0.8,2025-02-26T10:14:11.54+00:00,879,5,4,0.22805017103762829,40,4.573717663792337,131
2025-05-05,0.0.8,2025-02-26T10:14:11.54+00:00,879,5,4,0.22805017103762829,40,4.573717663792337,131
2025-05-05,0.0.8,2025-02-26T10:14:11.54+00:00,879,5,4,0.22805017103762829,40,4.573717663792337,131
2025-05-05,0.0.8,2025-02-26T10:14:11.54+00:00,879,5,4,0.22805017103762829,40,4.573717663792337,131
2025-05-06,0.0.8,2025-02-26T10:14:11.54+00:00,890,5,4,0,40,4.573717663792337,131
2025-05-06,0.0.8,2025-02-26T10:14:11.54+00:00,890,5,4,0,40,4.573717663792337,131
2025-05-06,0.0.8,2025-02-26T10:14:11.54+00:00,890,5,4,0,40,4.573717663792337,131
2025-05-06,0.0.8,2025-02-26T10:14:11.54+00:00,890,5,4,0,40,4.573717663792337,131
2025-05-07,0.0.8,2025-02-26T10:14:11.54+00:00,904,5,4,0.11123470522803114,40,4.573717663792337,131
2025-05-07,0.0.8,2025-02-26T10:14:11.54+00:00,904,5,4,0.11123470522803114,40,4.573717663792337,131
2025-05-07,0.0.8,2025-02-26T10:14:11.54+00:00,904,5,4,0.11123470522803114,40,4.573717663792337,131
2025-05-07,0.0.8,2025-02-26T10:14:11.54+00:00,904,5,4,0.11123470522803114,40,4.573717663792337,131
2025-05-08,0.0.8,2025-02-26T10:14:11.54+00:00,911,5,4,0,40,4.573717663792337,131
2025-05-08,0.0.8,2025-02-26T10:14:11.54+00:00,911,5,4,0,40,4.573717663792337,131
2025-05-08,0.0.8,2025-02-26T10:14:11.54+00:00,911,5,4,0,40,4.573717663792337,131
2025-05-08,0.0.8,2025-02-26T10:14:11.54+00:00,911,5,4,0,40,4.573717663792337,131
2025-05-09,0.0.8,2025-02-26T10:14:11.54+00:00,923,5,4,0,41,4.573717663792337,131
2025-05-09,0.0.8,2025-02-26T10:14:11.54+00:00,923,5,4,0,41,4.573717663792337,131
2025-05-09,0.0.8,2025-02-26T10:14:11.54+00:00,923,5,4,0,41,4.573717663792337,131
2025-05-09,0.0.8,2025-02-26T10:14:11.54+00:00,923,5,4,0,41,4.573717663792337,131
2025-05-10,0.0.8,2025-02-26T10:14:11.54+00:00,935,5,4,0,42,4.573717663792337,131
2025-05-10,0.0.8,2025-02-26T10:14:11.54+00:00,935,5,4,0,42,4.573717663792337,131
2025-05-10,0.0.8,2025-02-26T10:14:11.54+00:00,935,5,4,0,42,4.573717663792337,131
2025-05-10,0.0.8,2025-02-26T10:14:11.54+00:00,935,5,4,0,42,4.573717663792337,131
2025-05-11,0.0.8,2025-02-26T10:14:11.54+00:00,949,5,4,0.10626992561105207,42,4.573717663792337,132
2025-05-11,0.0.8,2025-02-26T10:14:11.54+00:00,949,5,4,0.10626992561105207,42,4.573717663792337,132
2025-05-11,0.0.8,2025-02-26T10:14:11.54+00:00,949,5,4,0.10626992561105207,42,4.573717663792337,132
2025-05-11,0.0.8,2025-02-26T10:14:11.54+00:00,949,5,4,0.10626992561105207,42,4.573717663792337,132
2025-05-12,0.0.8,2025-02-26T10:14:11.54+00:00,958,5,4,0,42,4.573717663792337,133
2025-05-12,0.0.8,2025-02-26T10:14:11.54+00:00,958,5,4,0,42,4.573717663792337,133
2025-05-12,0.0.8,2025-02-26T10:14:11.54+00:00,958,5,4,0,42,4.573717663792337,133
2025-05-12,0.0.8,2025-02-26T10:14:11.54+00:00,958,5,4,0,42,4.573717663792337,133
2025-05-13,0.0.8,2025-02-26T10:14:11.54+00:00,972,5,4,0,42,4.573717663792337,134
2025-05-13,0.0.8,2025-02-26T10:14:11.54+00:00,972,5,4,0,42,4.573717663792337,134
2025-05-13,0.0.8,2025-02-26T10:14:11.54+00:00,972,5,4,0,42,4.573717663792337,134
2025-05-13,0.0.8,2025-02-26T10:14:11.54+00:00,972,5,4,0,42,4.573717663792337,134
2025-05-14,0.0.8,2025-02-26T10:14:11.54+00:00,987,5,4,0,42,4.573717663792337,135
2025-05-14,0.0.8,2025-02-26T10:14:11.54+00:00,987,5,4,0,42,4.573717663792337,135
2025-05-14,0.0.8,2025-02-26T10:14:11.54+00:00,987,5,4,0,42,4.573717663792337,135
2025-05-14,0.0.8,2025-02-26T10:14:11.54+00:00,987,5,4,0,42,4.573717663792337,135
2025-05-15,0.0.8,2025-02-26T10:14:11.54+00:00,1003,5,4,0,42,4.573717663792337,136
2025-05-15,0.0.8,2025-02-26T10:14:11.54+00:00,1003,5,4,0,42,4.573717663792337,136
2025-05-15,0.0.8,2025-02-26T10:14:11.54+00:00,1003,5,4,0,42,4.573717663792337,136
2025-05-15,0.0.8,2025-02-26T10:14:11.54+00:00,1003,5,4,0,42,4.573717663792337,136
2025-05-16,0.0.8,2025-02-26T10:14:11.54+00:00,1014,5,4,0.09910802775024777,43,4.573717663792337,136
2025-05-16,0.0.8,2025-02-26T10:14:11.54+00:00,1014,5,4,0.09910802775024777,43,4.573717663792337,136
2025-05-16,0.0.8,2025-02-26T10:14:11.54+00:00,1014,5,4,0.09910802775024777,43,4.573717663792337,136
2025-05-16,0.0.8,2025-02-26T10:14:11.54+00:00,1014,5,4,0.09910802775024777,43,4.573717663792337,136
2025-05-17,0.0.8,2025-02-26T10:14:11.54+00:00,1024,5,4,0,43,4.573717663792337,136
2025-05-17,0.0.8,2025-02-26T10:14:11.54+00:00,1024,5,4,0,43,4.573717663792337,136
2025-05-17,0.0.8,2025-02-26T10:14:11.54+00:00,1024,5,4,0,43,4.573717663792337,136
2025-05-17,0.0.8,2025-02-26T10:14:11.54+00:00,1024,5,4,0,43,4.573717663792337,136
2025-05-18,0.0.8,2025-02-26T10:14:11.54+00:00,1031,5,4,0,43,4.573717663792337,136
2025-05-18,0.0.8,2025-02-26T10:14:11.54+00:00,1031,5,4,0,43,4.573717663792337,136
2025-05-18,0.0.8,2025-02-26T10:14:11.54+00:00,1031,5,4,0,43,4.573717663792337,136
2025-05-18,0.0.8,2025-02-26T10:14:11.54+00:00,1031,5,4,0,43,4.573717663792337,136
2025-05-19,0.0.8,2025-02-26T10:14:11.54+00:00,1052,5,4,0,44,4.573717663792337,136
2025-05-19,0.0.8,2025-02-26T10:14:11.54+00:00,1052,5,4,0,44,4.573717663792337,136
2025-05-19,0.0.8,2025-02-26T10:14:11.54+00:00,1052,5,4,0,44,4.573717663792337,136
2025-05-19,0.0.8,2025-02-26T10:14:11.54+00:00,1052,5,4,0,44,4.573717663792337,136
2025-05-20,0.0.8,2025-02-26T10:14:11.54+00:00,1069,5,4,0,45,4.573717663792337,137
2025-05-20,0.0.8,2025-02-26T10:14:11.54+00:00,1069,5,4,0,45,4.573717663792337,137
2025-05-20,0.0.8,2025-02-26T10:14:11.54+00:00,1069,5,4,0,45,4.573717663792337,137
2025-05-20,0.0.8,2025-02-26T10:14:11.54+00:00,1069,5,4,0,45,4.573717663792337,137
2025-05-21,0.0.8,2025-02-26T10:14:11.54+00:00,1078,5,4,0,45,4.573717663792337,137
2025-05-21,0.0.8,2025-02-26T10:14:11.54+00:00,1078,5,4,0,45,4.573717663792337,137
2025-05-21,0.0.8,2025-02-26T10:14:11.54+00:00,1078,5,4,0,45,4.573717663792337,137
2025-05-21,0.0.8,2025-02-26T10:14:11.54+00:00,1078,5,4,0,45,4.573717663792337,137
2025-05-22,0.0.8,2025-02-26T10:14:11.54+00:00,1089,5,4,0,45,4.573717663792337,137
2025-05-22,0.0.8,2025-02-26T10:14:11.54+00:00,1089,5,4,0,45,4.573717663792337,137
2025-05-22,0.0.8,2025-02-26T10:14:11.54+00:00,1089,5,4,0,45,4.573717663792337,137
2025-05-22,0.0.8,2025-02-26T10:14:11.54+00:00,1089,5,4,0,45,4.573717663792337,137
2025-05-23,0.0.8,2025-02-26T10:14:11.54+00:00,1099,5,4,0.09149130832570906,45,4.573717663792337,140
2025-05-23,0.0.8,2025-02-26T10:14:11.54+00:00,1099,5,4,0.09149130832570906,45,4.573717663792337,140
2025-05-23,0.0.8,2025-02-26T10:14:11.54+00:00,1099,5,4,0.09149130832570906,45,4.573717663792337,140
2025-05-23,0.0.8,2025-02-26T10:14:11.54+00:00,1099,5,4,0.09149130832570906,45,4.573717663792337,140
2025-05-24,0.0.8,2025-02-26T10:14:11.54+00:00,1114,5,4,0,45,4.573717663792337,143
2025-05-24,0.0.8,2025-02-26T10:14:11.54+00:00,1114,5,4,0,45,4.573717663792337,143
2025-05-24,0.0.8,2025-02-26T10:14:11.54+00:00,1114,5,4,0,45,4.573717663792337,143
2025-05-24,0.0.8,2025-02-26T10:14:11.54+00:00,1114,5,4,0,45,4.573717663792337,143
2025-05-25,0.0.8,2025-02-26T10:14:11.54+00:00,1119,5,4,0,45,4.573717663792337,144
2025-05-25,0.0.8,2025-02-26T10:14:11.54+00:00,1119,5,4,0,45,4.573717663792337,144
2025-05-25,0.0.8,2025-02-26T10:14:11.54+00:00,1119,5,4,0,45,4.573717663792337,144
2025-05-25,0.0.8,2025-02-26T10:14:11.54+00:00,1119,5,4,0,45,4.573717663792337,144
2025-05-26,0.0.8,2025-02-26T10:14:11.54+00:00,1124,5,4,0.1779359430604982,45,4.573717663792337,146
2025-05-26,0.0.8,2025-02-26T10:14:11.54+00:00,1124,5,4,0.1779359430604982,45,4.573717663792337,146
2025-05-26,0.0.8,2025-02-26T10:14:11.54+00:00,1124,5,4,0.1779359430604982,45,4.573717663792337,146
2025-05-26,0.0.8,2025-02-26T10:14:11.54+00:00,1124,5,4,0.1779359430604982,45,4.573717663792337,146
2025-05-27,0.0.8,2025-02-26T10:14:11.54+00:00,1131,5,4,0,45,4.573717663792337,146
2025-05-27,0.0.8,2025-02-26T10:14:11.54+00:00,1131,5,4,0,45,4.573717663792337,146
2025-05-27,0.0.8,2025-02-26T10:14:11.54+00:00,1131,5,4,0,45,4.573717663792337,146
2025-05-27,0.0.8,2025-02-26T10:14:11.54+00:00,1131,5,4,0,45,4.573717663792337,146
2025-05-28,0.0.8,2025-02-26T10:14:11.54+00:00,1143,5,4,0,45,4.573717663792337,147
2025-05-28,0.0.8,2025-02-26T10:14:11.54+00:00,1143,5,4,0,45,4.573717663792337,147
2025-05-28,0.0.8,2025-02-26T10:14:11.54+00:00,1143,5,4,0,45,4.573717663792337,147
2025-05-28,0.0.8,2025-02-26T10:14:11.54+00:00,1143,5,4,0,45,4.573717663792337,147
2025-05-29,0.0.8,2025-02-26T10:14:11.54+00:00,1155,5,4,0,45,4.573717663792337,147
2025-05-29,0.0.8,2025-02-26T10:14:11.54+00:00,1155,5,4,0,45,4.573717663792337,147
2025-05-29,0.0.8,2025-02-26T10:14:11.54+00:00,1155,5,4,0,45,4.573717663792337,147
2025-05-29,0.0.8,2025-02-26T10:14:11.54+00:00,1155,5,4,0,45,4.573717663792337,147
2025-05-31,0.0.8,2025-02-26T10:14:11.54+00:00,1177,5,4,0,45,4.573717663792337,147
2025-05-31,0.0.8,2025-02-26T10:14:11.54+00:00,1177,5,4,0,45,4.573717663792337,147
2025-05-31,0.0.8,2025-02-26T10:14:11.54+00:00,1177,5,4,0,45,4.573717663792337,147
2025-05-31,0.0.8,2025-02-26T10:14:11.54+00:00,1177,5,4,0,45,4.573717663792337,147
2025-06-01,0.0.8,2025-02-26T10:14:11.54+00:00,1186,5,4,0,45,4.573717663792337,147
2025-06-01,0.0.8,2025-02-26T10:14:11.54+00:00,1186,5,4,0,45,4.573717663792337,147
2025-06-01,0.0.8,2025-02-26T10:14:11.54+00:00,1186,5,4,0,45,4.573717663792337,147
2025-06-01,0.0.8,2025-02-26T10:14:11.54+00:00,1186,5,4,0,45,4.573717663792337,147
2025-06-02,0.0.8,2025-02-26T10:14:11.54+00:00,1193,5,4,0,45,4.573717663792337,147
2025-06-02,0.0.8,2025-02-26T10:14:11.54+00:00,1193,5,4,0,45,4.573717663792337,147
2025-06-02,0.0.8,2025-02-26T10:14:11.54+00:00,1193,5,4,0,45,4.573717663792337,147
2025-06-02,0.0.8,2025-02-26T10:14:11.54+00:00,1193,5,4,0,45,4.573717663792337,147
2025-06-03,0.0.8,2025-02-26T10:14:11.54+00:00,1205,5,4,0,45,4.573717663792337,147
2025-06-03,0.0.8,2025-02-26T10:14:11.54+00:00,1205,5,4,0,45,4.573717663792337,147
2025-06-03,0.0.8,2025-02-26T10:14:11.54+00:00,1205,5,4,0,45,4.573717663792337,147
2025-06-03,0.0.8,2025-02-26T10:14:11.54+00:00,1205,5,4,0,45,4.573717663792337,147
2025-06-04,0.0.8,2025-02-26T10:14:11.54+00:00,1212,5,4,0,45,4.573717663792337,147
2025-06-04,0.0.8,2025-02-26T10:14:11.54+00:00,1212,5,4,0,45,4.573717663792337,147
2025-06-04,0.0.8,2025-02-26T10:14:11.54+00:00,1212,5,4,0,45,4.573717663792337,147
2025-06-04,0.0.8,2025-02-26T10:14:11.54+00:00,1212,5,4,0,45,4.573717663792337,147
2025-06-05,0.0.8,2025-02-26T10:14:11.54+00:00,1223,5,4,0,45,4.573717663792337,149
2025-06-05,0.0.8,2025-02-26T10:14:11.54+00:00,1223,5,4,0,45,4.573717663792337,149
2025-06-05,0.0.8,2025-02-26T10:14:11.54+00:00,1223,5,4,0,45,4.573717663792337,149
2025-06-05,0.0.8,2025-02-26T10:14:11.54+00:00,1223,5,4,0,45,4.573717663792337,149
2025-06-06,0.0.8,2025-02-26T10:14:11.54+00:00,1233,5,4,0,45,4.573717663792337,150
2025-06-06,0.0.8,2025-02-26T10:14:11.54+00:00,1233,5,4,0,45,4.573717663792337,150
2025-06-06,0.0.8,2025-02-26T10:14:11.54+00:00,1233,5,4,0,45,4.573717663792337,150
2025-06-06,0.0.8,2025-02-26T10:14:11.54+00:00,1233,5,4,0,45,4.573717663792337,150
2025-06-07,0.0.8,2025-02-26T10:14:11.54+00:00,1243,5,4,0,45,4.573717663792337,150
2025-06-07,0.0.8,2025-02-26T10:14:11.54+00:00,1243,5,4,0,45,4.573717663792337,150
2025-06-07,0.0.8,2025-02-26T10:14:11.54+00:00,1243,5,4,0,45,4.573717663792337,150
2025-06-07,0.0.8,2025-02-26T10:14:11.54+00:00,1243,5,4,0,45,4.573717663792337,150
2025-06-08,0.0.8,2025-02-26T10:14:11.54+00:00,1254,5,4,0,45,4.573717663792337,152
2025-06-08,0.0.8,2025-02-26T10:14:11.54+00:00,1254,5,4,0,45,4.573717663792337,152
2025-06-08,0.0.8,2025-02-26T10:14:11.54+00:00,1254,5,4,0,45,4.573717663792337,152
2025-06-08,0.0.8,2025-02-26T10:14:11.54+00:00,1254,5,4,0,45,4.573717663792337,152
2025-06-09,0.0.8,2025-02-26T10:14:11.54+00:00,1267,5,4,0,45,4.573717663792337,154
2025-06-09,0.0.8,2025-02-26T10:14:11.54+00:00,1267,5,4,0,45,4.573717663792337,154
2025-06-09,0.0.8,2025-02-26T10:14:11.54+00:00,1267,5,4,0,45,4.573717663792337,154
2025-06-09,0.0.8,2025-02-26T10:14:11.54+00:00,1267,5,4,0,45,4.573717663792337,154
2025-06-10,0.0.8,2025-02-26T10:14:11.54+00:00,1284,5,4,0.0782472613458529,45,4.573717663792337,156
2025-06-10,0.0.8,2025-02-26T10:14:11.54+00:00,1284,5,4,0.0782472613458529,45,4.573717663792337,156
2025-06-10,0.0.8,2025-02-26T10:14:11.54+00:00,1284,5,4,0.0782472613458529,45,4.573717663792337,156
2025-06-10,0.0.8,2025-02-26T10:14:11.54+00:00,1284,5,4,0.0782472613458529,45,4.573717663792337,156
2025-06-11,0.0.8,2025-02-26T10:14:11.54+00:00,1294,5,4,0,45,4.573717663792337,157
2025-06-11,0.0.8,2025-02-26T10:14:11.54+00:00,1294,5,4,0,45,4.573717663792337,157
2025-06-11,0.0.8,2025-02-26T10:14:11.54+00:00,1294,5,4,0,45,4.573717663792337,157
2025-06-11,0.0.8,2025-02-26T10:14:11.54+00:00,1294,5,4,0,45,4.573717663792337,157
2025-06-12,0.0.8,2025-02-26T10:14:11.54+00:00,1307,5,4,0,45,4.573717663792337,158
2025-06-12,0.0.8,2025-02-26T10:14:11.54+00:00,1307,5,4,0,45,4.573717663792337,158
2025-06-12,0.0.8,2025-02-26T10:14:11.54+00:00,1307,5,4,0,45,4.573717663792337,158
2025-06-12,0.0.8,2025-02-26T10:14:11.54+00:00,1307,5,4,0,45,4.573717663792337,158
2025-06-13,0.0.8,2025-02-26T10:14:11.54+00:00,1312,5,4,0,45,4.573717663792337,159
2025-06-13,0.0.8,2025-02-26T10:14:11.54+00:00,1312,5,4,0,45,4.573717663792337,159
2025-06-13,0.0.8,2025-02-26T10:14:11.54+00:00,1312,5,4,0,45,4.573717663792337,159
2025-06-13,0.0.8,2025-02-26T10:14:11.54+00:00,1312,5,4,0,45,4.573717663792337,159
2025-06-14,0.0.8,2025-02-26T10:14:11.54+00:00,1324,5,4,0,45,4.573717663792337,160
2025-06-14,0.0.8,2025-02-26T10:14:11.54+00:00,1324,5,4,0,45,4.573717663792337,160
2025-06-14,0.0.8,2025-02-26T10:14:11.54+00:00,1324,5,4,0,45,4.573717663792337,160
2025-06-14,0.0.8,2025-02-26T10:14:11.54+00:00,1324,5,4,0,45,4.573717663792337,160
2025-06-15,0.0.8,2025-02-26T10:14:11.54+00:00,1337,5,4,0,45,4.573717663792337,160
2025-06-15,0.0.8,2025-02-26T10:14:11.54+00:00,1337,5,4,0,45,4.573717663792337,160
2025-06-15,0.0.8,2025-02-26T10:14:11.54+00:00,1337,5,4,0,45,4.573717663792337,160
2025-06-15,0.0.8,2025-02-26T10:14:11.54+00:00,1337,5,4,0,45,4.573717663792337,160
2025-06-16,0.0.8,2025-02-26T10:14:11.54+00:00,1346,5,4,0,45,4.573717663792337,160
2025-06-16,0.0.8,2025-02-26T10:14:11.54+00:00,1346,5,4,0,45,4.573717663792337,160
2025-06-16,0.0.8,2025-02-26T10:14:11.54+00:00,1346,5,4,0,45,4.573717663792337,160
2025-06-16,0.0.8,2025-02-26T10:14:11.54+00:00,1346,5,4,0,45,4.573717663792337,160
2025-06-17,0.0.8,2025-02-26T10:14:11.54+00:00,1357,5,4,0,45,4.573717663792337,160
2025-06-17,0.0.8,2025-02-26T10:14:11.54+00:00,1357,5,4,0,45,4.573717663792337,160
2025-06-17,0.0.8,2025-02-26T10:14:11.54+00:00,1357,5,4,0,45,4.573717663792337,160
2025-06-17,0.0.8,2025-02-26T10:14:11.54+00:00,1357,5,4,0,45,4.573717663792337,160
2025-06-18,0.0.8,2025-02-26T10:14:11.54+00:00,1376,5,4,0.07293946024799416,45,4.573717663792337,160
2025-06-18,0.0.8,2025-02-26T10:14:11.54+00:00,1376,5,4,0.07293946024799416,45,4.573717663792337,160
2025-06-18,0.0.8,2025-02-26T10:14:11.54+00:00,1376,5,4,0.07293946024799416,45,4.573717663792337,160
2025-06-18,0.0.8,2025-02-26T10:14:11.54+00:00,1376,5,4,0.07293946024799416,45,4.573717663792337,160
2025-06-19,0.0.8,2025-02-26T10:14:11.54+00:00,1386,5,4,0,45,4.573717663792337,160
2025-06-19,0.0.8,2025-02-26T10:14:11.54+00:00,1386,5,4,0,45,4.573717663792337,160
2025-06-19,0.0.8,2025-02-26T10:14:11.54+00:00,1386,5,4,0,45,4.573717663792337,160
2025-06-19,0.0.8,2025-02-26T10:14:11.54+00:00,1386,5,4,0,45,4.573717663792337,160
2025-06-20,0.0.8,2025-02-26T10:14:11.54+00:00,1399,5,4,0.2152080344332855,45,4.573717663792337,160
2025-06-20,0.0.8,2025-02-26T10:14:11.54+00:00,1399,5,4,0.2152080344332855,45,4.573717663792337,160
2025-06-20,0.0.8,2025-02-26T10:14:11.54+00:00,1399,5,4,0.2152080344332855,45,4.573717663792337,160
2025-06-20,0.0.8,2025-02-26T10:14:11.54+00:00,1399,5,4,0.2152080344332855,45,4.573717663792337,160
2025-06-21,0.0.8,2025-02-26T10:14:11.54+00:00,1408,5,4,0,45,4.573717663792337,162
2025-06-21,0.0.8,2025-02-26T10:14:11.54+00:00,1408,5,4,0,45,4.573717663792337,162
2025-06-21,0.0.8,2025-02-26T10:14:11.54+00:00,1408,5,4,0,45,4.573717663792337,162
2025-06-21,0.0.8,2025-02-26T10:14:11.54+00:00,1408,5,4,0,45,4.573717663792337,162
2025-06-22,0.0.8,2025-02-26T10:14:11.54+00:00,1411,5,4,0,45,4.573717663792337,162
2025-06-22,0.0.8,2025-02-26T10:14:11.54+00:00,1411,5,4,0,45,4.573717663792337,162
2025-06-22,0.0.8,2025-02-26T10:14:11.54+00:00,1411,5,4,0,45,4.573717663792337,162
2025-06-22,0.0.8,2025-02-26T10:14:11.54+00:00,1411,5,4,0,45,4.573717663792337,162
2025-06-23,0.0.8,2025-02-26T10:14:11.54+00:00,1421,5,4,0.1413427561837456,45,4.573717663792337,163
2025-06-23,0.0.8,2025-02-26T10:14:11.54+00:00,1421,5,4,0.1413427561837456,45,4.573717663792337,163
2025-06-23,0.0.8,2025-02-26T10:14:11.54+00:00,1421,5,4,0.1413427561837456,45,4.573717663792337,163
2025-06-23,0.0.8,2025-02-26T10:14:11.54+00:00,1421,5,4,0.1413427561837456,45,4.573717663792337,163
2025-06-24,0.0.8,2025-02-26T10:14:11.54+00:00,1428,5,4,0,46,4.573717663792337,163
2025-06-24,0.0.8,2025-02-26T10:14:11.54+00:00,1428,5,4,0,46,4.573717663792337,163
2025-06-24,0.0.8,2025-02-26T10:14:11.54+00:00,1428,5,4,0,46,4.573717663792337,163
2025-06-24,0.0.8,2025-02-26T10:14:11.54+00:00,1428,5,4,0,46,4.573717663792337,163
2025-06-25,0.0.8,2025-02-26T10:14:11.54+00:00,1438,5,4,0,46,4.573717663792337,165
2025-06-25,0.0.8,2025-02-26T10:14:11.54+00:00,1438,5,4,0,46,4.573717663792337,165
2025-06-25,0.0.8,2025-02-26T10:14:11.54+00:00,1438,5,4,0,46,4.573717663792337,165
2025-06-25,0.0.8,2025-02-26T10:14:11.54+00:00,1438,5,4,0,46,4.573717663792337,165
2025-06-26,0.0.8,2025-02-26T10:14:11.54+00:00,1445,5,4,0,46,4.573717663792337,165
2025-06-26,0.0.8,2025-02-26T10:14:11.54+00:00,1445,5,4,0,46,4.573717663792337,165
2025-06-26,0.0.8,2025-02-26T10:14:11.54+00:00,1445,5,4,0,46,4.573717663792337,165
2025-06-26,0.0.8,2025-02-26T10:14:11.54+00:00,1445,5,4,0,46,4.573717663792337,165
2025-06-27,0.0.8,2025-02-26T10:14:11.54+00:00,1460,5,4,0,46,4.573717663792337,166
2025-06-27,0.0.8,2025-02-26T10:14:11.54+00:00,1460,5,4,0,46,4.573717663792337,166
2025-06-27,0.0.8,2025-02-26T10:14:11.54+00:00,1460,5,4,0,46,4.573717663792337,166
2025-06-27,0.0.8,2025-02-26T10:14:11.54+00:00,1460,5,4,0,46,4.573717663792337,166
2025-06-28,0.0.8,2025-02-26T10:14:11.54+00:00,1470,5,4,0.0681663258350375,46,4.573717663792337,166
2025-06-28,0.0.8,2025-02-26T10:14:11.54+00:00,1470,5,4,0.0681663258350375,46,4.573717663792337,166
2025-06-28,0.0.8,2025-02-26T10:14:11.54+00:00,1470,5,4,0.0681663258350375,46,4.573717663792337,166
2025-06-28,0.0.8,2025-02-26T10:14:11.54+00:00,1470,5,4,0.0681663258350375,46,4.573717663792337,166
2025-06-29,0.0.8,2025-02-26T10:14:11.54+00:00,1475,5,4,0,46,4.573717663792337,166
2025-06-29,0.0.8,2025-02-26T10:14:11.54+00:00,1475,5,4,0,46,4.573717663792337,166
2025-06-29,0.0.8,2025-02-26T10:14:11.54+00:00,1475,5,4,0,46,4.573717663792337,166
2025-06-29,0.0.8,2025-02-26T10:14:11.54+00:00,1475,5,4,0,46,4.573717663792337,166
2025-06-30,0.0.8,2025-02-26T10:14:11.54+00:00,1486,5,4,0.06747638326585695,46,4.573717663792337,169
2025-06-30,0.0.8,2025-02-26T10:14:11.54+00:00,1486,5,4,0.06747638326585695,46,4.573717663792337,169
2025-06-30,0.0.8,2025-02-26T10:14:11.54+00:00,1486,5,4,0.06747638326585695,46,4.573717663792337,169
2025-06-30,0.0.8,2025-02-26T10:14:11.54+00:00,1486,5,4,0.06747638326585695,46,4.573717663792337,169
2025-07-01,0.0.8,2025-02-26T10:14:11.54+00:00,1498,5,4,0,46,4.573717663792337,171
2025-07-01,0.0.8,2025-02-26T10:14:11.54+00:00,1498,5,4,0,46,4.573717663792337,171
2025-07-01,0.0.8,2025-02-26T10:14:11.54+00:00,1498,5,4,0,46,4.573717663792337,171
2025-07-01,0.0.8,2025-02-26T10:14:11.54+00:00,1498,5,4,0,46,4.573717663792337,171
2025-07-02,0.0.8,2025-02-26T10:14:11.54+00:00,1504,5,4,0,46,4.573717663792337,171
2025-07-02,0.0.8,2025-02-26T10:14:11.54+00:00,1504,5,4,0,46,4.573717663792337,171
2025-07-02,0.0.8,2025-02-26T10:14:11.54+00:00,1504,5,4,0,46,4.573717663792337,171
2025-07-02,0.0.8,2025-02-26T10:14:11.54+00:00,1504,5,4,0,46,4.573717663792337,171
2025-07-03,0.0.8,2025-02-26T10:14:11.54+00:00,1512,5,4,0,46,4.573717663792337,171
2025-07-03,0.0.8,2025-02-26T10:14:11.54+00:00,1512,5,4,0,46,4.573717663792337,171
2025-07-03,0.0.8,2025-02-26T10:14:11.54+00:00,1512,5,4,0,46,4.573717663792337,171
2025-07-03,0.0.8,2025-02-26T10:14:11.54+00:00,1512,5,4,0,46,4.573717663792337,171
2025-07-04,0.0.8,2025-02-26T10:14:11.54+00:00,1518,5,4,0,46,4.573717663792337,171
2025-07-04,0.0.8,2025-02-26T10:14:11.54+00:00,1518,5,4,0,46,4.573717663792337,171
2025-07-04,0.0.8,2025-02-26T10:14:11.54+00:00,1518,5,4,0,46,4.573717663792337,171
2025-07-04,0.0.8,2025-02-26T10:14:11.54+00:00,1518,5,4,0,46,4.573717663792337,171
2025-07-05,0.0.8,2025-02-26T10:14:11.54+00:00,1527,5,4,0,46,4.573717663792337,171
2025-07-05,0.0.8,2025-02-26T10:14:11.54+00:00,1527,5,4,0,46,4.573717663792337,171
2025-07-05,0.0.8,2025-02-26T10:14:11.54+00:00,1527,5,4,0,46,4.573717663792337,171
2025-07-05,0.0.8,2025-02-26T10:14:11.54+00:00,1527,5,4,0,46,4.573717663792337,171
2025-07-06,0.0.8,2025-02-26T10:14:11.54+00:00,1539,5,4,0,46,4.573717663792337,172
2025-07-06,0.0.8,2025-02-26T10:14:11.54+00:00,1539,5,4,0,46,4.573717663792337,172
2025-07-06,0.0.8,2025-02-26T10:14:11.54+00:00,1539,5,4,0,46,4.573717663792337,172
2025-07-06,0.0.8,2025-02-26T10:14:11.54+00:00,1539,5,4,0,46,4.573717663792337,172
2025-07-07,0.0.8,2025-02-26T10:14:11.54+00:00,1545,5,4,0,46,4.573717663792337,173
2025-07-07,0.0.8,2025-02-26T10:14:11.54+00:00,1545,5,4,0,46,4.573717663792337,173
2025-07-07,0.0.8,2025-02-26T10:14:11.54+00:00,1545,5,4,0,46,4.573717663792337,173
2025-07-07,0.0.8,2025-02-26T10:14:11.54+00:00,1545,5,4,0,46,4.573717663792337,173
2025-07-08,0.0.8,2025-02-26T10:14:11.54+00:00,1555,5,4,0,46,4.573717663792337,173
2025-07-08,0.0.8,2025-02-26T10:14:11.54+00:00,1555,5,4,0,46,4.573717663792337,173
2025-07-08,0.0.8,2025-02-26T10:14:11.54+00:00,1555,5,4,0,46,4.573717663792337,173
2025-07-08,0.0.8,2025-02-26T10:14:11.54+00:00,1555,5,4,0,46,4.573717663792337,173
2025-07-09,0.0.8,2025-02-26T10:14:11.54+00:00,1570,5,4,0,46,4.573717663792337,173
2025-07-09,0.0.8,2025-02-26T10:14:11.54+00:00,1570,5,4,0,46,4.573717663792337,173
2025-07-09,0.0.8,2025-02-26T10:14:11.54+00:00,1570,5,4,0,46,4.573717663792337,173
2025-07-09,0.0.8,2025-02-26T10:14:11.54+00:00,1570,5,4,0,46,4.573717663792337,173
2025-07-10,0.0.8,2025-02-26T10:14:11.54+00:00,1577,5,4,0,46,4.573717663792337,173
2025-07-10,0.0.8,2025-02-26T10:14:11.54+00:00,1577,5,4,0,46,4.573717663792337,173
2025-07-10,0.0.8,2025-02-26T10:14:11.54+00:00,1577,5,4,0,46,4.573717663792337,173
2025-07-10,0.0.8,2025-02-26T10:14:11.54+00:00,1577,5,4,0,46,4.573717663792337,173
2025-07-11,0.0.8,2025-02-26T10:14:11.54+00:00,1584,5,4,0,46,4.573717663792337,173
2025-07-11,0.0.8,2025-02-26T10:14:11.54+00:00,1584,5,4,0,46,4.573717663792337,173
2025-07-11,0.0.8,2025-02-26T10:14:11.54+00:00,1584,5,4,0,46,4.573717663792337,173
2025-07-11,0.0.8,2025-02-26T10:14:11.54+00:00,1584,5,4,0,46,4.573717663792337,173
2025-07-12,0.0.8,2025-02-26T10:14:11.54+00:00,1593,5,4,0,46,4.573717663792337,174
2025-07-12,0.0.8,2025-02-26T10:14:11.54+00:00,1593,5,4,0,46,4.573717663792337,174
2025-07-12,0.0.8,2025-02-26T10:14:11.54+00:00,1593,5,4,0,46,4.573717663792337,174
2025-07-12,0.0.8,2025-02-26T10:14:11.54+00:00,1593,5,4,0,46,4.573717663792337,174
2025-07-13,0.0.8,2025-02-26T10:14:11.54+00:00,1600,5,4,0,46,4.573717663792337,175
2025-07-13,0.0.8,2025-02-26T10:14:11.54+00:00,1600,5,4,0,46,4.573717663792337,175
2025-07-13,0.0.8,2025-02-26T10:14:11.54+00:00,1600,5,4,0,46,4.573717663792337,175
2025-07-13,0.0.8,2025-02-26T10:14:11.54+00:00,1600,5,4,0,46,4.573717663792337,175
2025-07-14,0.0.8,2025-02-26T10:14:11.54+00:00,1609,5,4,0,46,4.573717663792337,176
2025-07-14,0.0.8,2025-02-26T10:14:11.54+00:00,1609,5,4,0,46,4.573717663792337,176
2025-07-14,0.0.8,2025-02-26T10:14:11.54+00:00,1609,5,4,0,46,4.573717663792337,176
2025-07-14,0.0.8,2025-02-26T10:14:11.54+00:00,1609,5,4,0,46,4.573717663792337,176
2025-07-15,0.0.8,2025-02-26T10:14:11.54+00:00,1623,5,4,0,46,4.573717663792337,177
2025-07-15,0.0.8,2025-02-26T10:14:11.54+00:00,1623,5,4,0,46,4.573717663792337,177
2025-07-15,0.0.8,2025-02-26T10:14:11.54+00:00,1623,5,4,0,46,4.573717663792337,177
2025-07-15,0.0.8,2025-02-26T10:14:11.54+00:00,1623,5,4,0,46,4.573717663792337,177
2025-07-16,0.0.8,2025-02-26T10:14:11.54+00:00,1629,5,4,0,46,4.612556435571658,179
2025-07-16,0.0.8,2025-02-26T10:14:11.54+00:00,1629,5,4,0,46,4.612556435571658,179
2025-07-16,0.0.8,2025-02-26T10:14:11.54+00:00,1629,5,4,0,46,4.612556435571658,179
2025-07-16,0.0.8,2025-02-26T10:14:11.54+00:00,1629,5,4,0,46,4.612556435571658,179
2025-07-17,0.0.8,2025-02-26T10:14:11.54+00:00,1635,5,4,0,46,4.61249691281798,180
2025-07-17,0.0.8,2025-02-26T10:14:11.54+00:00,1635,5,4,0,46,4.61249691281798,180
2025-07-17,0.0.8,2025-02-26T10:14:11.54+00:00,1635,5,4,0,46,4.61249691281798,180
2025-07-17,0.0.8,2025-02-26T10:14:11.54+00:00,1635,5,4,0,46,4.61249691281798,180
2025-07-18,0.0.8,2025-02-26T10:14:11.54+00:00,1647,5,4,0,46,4.612590884408432,181
2025-07-18,0.0.8,2025-02-26T10:14:11.54+00:00,1647,5,4,0,46,4.612590884408432,181
2025-07-18,0.0.8,2025-02-26T10:14:11.54+00:00,1647,5,4,0,46,4.612590884408432,181
2025-07-18,0.0.8,2025-02-26T10:14:11.54+00:00,1647,5,4,0,46,4.612590884408432,181
2025-07-19,0.0.8,2025-02-26T10:14:11.54+00:00,1649,5,4,0,46,4.612661802113523,183
2025-07-19,0.0.8,2025-02-26T10:14:11.54+00:00,1649,5,4,0,46,4.612661802113523,183
2025-07-19,0.0.8,2025-02-26T10:14:11.54+00:00,1649,5,4,0,46,4.612661802113523,183
2025-07-19,0.0.8,2025-02-26T10:14:11.54+00:00,1649,5,4,0,46,4.612661802113523,183
2025-07-20,0.0.8,2025-02-26T10:14:11.54+00:00,1665,5,4,0,46,4.612707853664577,184
2025-07-20,0.0.8,2025-02-26T10:14:11.54+00:00,1665,5,4,0,46,4.612707853664577,184
2025-07-20,0.0.8,2025-02-26T10:14:11.54+00:00,1665,5,4,0,46,4.612707853664577,184
2025-07-20,0.0.8,2025-02-26T10:14:11.54+00:00,1665,5,4,0,46,4.612707853664577,184
2025-07-21,0.0.8,2025-02-26T10:14:11.54+00:00,1670,5,4,0,46,4.61273563019408,185
2025-07-21,0.0.8,2025-02-26T10:14:11.54+00:00,1670,5,4,0,46,4.61273563019408,185
2025-07-21,0.0.8,2025-02-26T10:14:11.54+00:00,1670,5,4,0,46,4.61273563019408,185
2025-07-21,0.0.8,2025-02-26T10:14:11.54+00:00,1670,5,4,0,46,4.61273563019408,185
2025-07-22,0.0.8,2025-02-26T10:14:11.54+00:00,1680,5,4,0,47,4.612624982396845,185
2025-07-22,0.0.8,2025-02-26T10:14:11.54+00:00,1680,5,4,0,47,4.612624982396845,185
2025-07-22,0.0.8,2025-02-26T10:14:11.54+00:00,1680,5,4,0,47,4.612624982396845,185
2025-07-22,0.0.8,2025-02-26T10:14:11.54+00:00,1680,5,4,0,47,4.612624982396845,185
2025-07-23,0.0.8,2025-02-26T10:14:11.54+00:00,1687,5,4,0,47,4.612649079732395,187
2025-07-23,0.0.8,2025-02-26T10:14:11.54+00:00,1687,5,4,0,47,4.612649079732395,187
2025-07-23,0.0.8,2025-02-26T10:14:11.54+00:00,1687,5,4,0,47,4.612649079732395,187
2025-07-23,0.0.8,2025-02-26T10:14:11.54+00:00,1687,5,4,0,47,4.612649079732395,187
2025-07-24,0.0.8,2025-02-26T10:14:11.54+00:00,1692,5,4,0,47,4.612529734477523,188
2025-07-24,0.0.8,2025-02-26T10:14:11.54+00:00,1692,5,4,0,47,4.612529734477523,188
2025-07-24,0.0.8,2025-02-26T10:14:11.54+00:00,1692,5,4,0,47,4.612529734477523,188
2025-07-24,0.0.8,2025-02-26T10:14:11.54+00:00,1692,5,4,0,47,4.612529734477523,188
2025-07-25,0.0.8,2025-02-26T10:14:11.54+00:00,1705,5,4,0.1176470588235294,47,4.612629979315876,190
2025-07-25,0.0.8,2025-02-26T10:14:11.54+00:00,1705,5,4,0.1176470588235294,47,4.612629979315876,190
2025-07-25,0.0.8,2025-02-26T10:14:11.54+00:00,1705,5,4,0.1176470588235294,47,4.612629979315876,190
2025-07-25,0.0.8,2025-02-26T10:14:11.54+00:00,1705,5,4,0.1176470588235294,47,4.612629979315876,190
2025-07-26,0.0.8,2025-02-26T10:14:11.54+00:00,1725,5,4,0,47,4.612419986087592,191
2025-07-26,0.0.8,2025-02-26T10:14:11.54+00:00,1725,5,4,0,47,4.612419986087592,191
2025-07-26,0.0.8,2025-02-26T10:14:11.54+00:00,1725,5,4,0,47,4.612419986087592,191
2025-07-26,0.0.8,2025-02-26T10:14:11.54+00:00,1725,5,4,0,47,4.612419986087592,191
2025-07-27,0.0.8,2025-02-26T10:14:11.54+00:00,1732,5,4,0.05780346820809249,48,4.612389527930068,192
2025-07-27,0.0.8,2025-02-26T10:14:11.54+00:00,1732,5,4,0.05780346820809249,48,4.612389527930068,192
2025-07-27,0.0.8,2025-02-26T10:14:11.54+00:00,1732,5,4,0.05780346820809249,48,4.612389527930068,192
2025-07-27,0.0.8,2025-02-26T10:14:11.54+00:00,1732,5,4,0.05780346820809249,48,4.612389527930068,192
2025-07-28,0.0.8,2025-02-26T10:14:11.54+00:00,1737,5,4,0,48,4.612210219686855,193
2025-07-28,0.0.8,2025-02-26T10:14:11.54+00:00,1737,5,4,0,48,4.612210219686855,193
2025-07-28,0.0.8,2025-02-26T10:14:11.54+00:00,1737,5,4,0,48,4.612210219686855,193
2025-07-28,0.0.8,2025-02-26T10:14:11.54+00:00,1737,5,4,0,48,4.612210219686855,193
2025-07-30,0.0.8,2025-02-26T10:14:11.54+00:00,1753,5,4,0,49,4.612247617978699,195
2025-07-30,0.0.8,2025-02-26T10:14:11.54+00:00,1753,5,4,0,49,4.612247617978699,195
2025-07-30,0.0.8,2025-02-26T10:14:11.54+00:00,1753,5,4,0,49,4.612247617978699,195
2025-07-30,0.0.8,2025-02-26T10:14:11.54+00:00,1753,5,4,0,49,4.612247617978699,195
2025-07-31,0.0.8,2025-02-26T10:14:11.54+00:00,1766,5,4,0,49,4.6123264619267985,198
2025-07-31,0.0.8,2025-02-26T10:14:11.54+00:00,1766,5,4,0,49,4.6123264619267985,198
2025-07-31,0.0.8,2025-02-26T10:14:11.54+00:00,1766,5,4,0,49,4.6123264619267985,198
2025-07-31,0.0.8,2025-02-26T10:14:11.54+00:00,1766,5,4,0,49,4.6123264619267985,198
2025-08-01,0.0.8,2025-02-26T10:14:11.54+00:00,1775,5,4,0,49,4.612350444848675,199
2025-08-01,0.0.8,2025-02-26T10:14:11.54+00:00,1775,5,4,0,49,4.612350444848675,199
2025-08-01,0.0.8,2025-02-26T10:14:11.54+00:00,1775,5,4,0,49,4.612350444848675,199
2025-08-01,0.0.8,2025-02-26T10:14:11.54+00:00,1775,5,4,0,49,4.612350444848675,199
2025-08-02,0.0.8,2025-02-26T10:14:11.54+00:00,1783,5,4,0,49,4.612339959273731,200
2025-08-02,0.0.8,2025-02-26T10:14:11.54+00:00,1783,5,4,0,49,4.612339959273731,200
2025-08-02,0.0.8,2025-02-26T10:14:11.54+00:00,1783,5,4,0,49,4.612339959273731,200
2025-08-02,0.0.8,2025-02-26T10:14:11.54+00:00,1783,5,4,0,49,4.612339959273731,200
2025-08-03,0.0.8,2025-02-26T10:14:11.54+00:00,1794,5,4,0,49,4.612346798001958,202
2025-08-03,0.0.8,2025-02-26T10:14:11.54+00:00,1794,5,4,0,49,4.612346798001958,202
2025-08-03,0.0.8,2025-02-26T10:14:11.54+00:00,1794,5,4,0,49,4.612346798001958,202
2025-08-03,0.0.8,2025-02-26T10:14:11.54+00:00,1794,5,4,0,49,4.612346798001958,202
2025-08-04,0.0.8,2025-02-26T10:14:11.54+00:00,1808,5,4,0,49,4.612295908365306,204
2025-08-04,0.0.8,2025-02-26T10:14:11.54+00:00,1808,5,4,0,49,4.612295908365306,204
2025-08-04,0.0.8,2025-02-26T10:14:11.54+00:00,1808,5,4,0,49,4.612295908365306,204
2025-08-04,0.0.8,2025-02-26T10:14:11.54+00:00,1808,5,4,0,49,4.612295908365306,204
2025-08-05,0.0.8,2025-02-26T10:14:11.54+00:00,1813,5,4,0.05515719801434087,49,4.612150495065341,205
2025-08-05,0.0.8,2025-02-26T10:14:11.54+00:00,1813,5,4,0.05515719801434087,49,4.612150495065341,205
2025-08-05,0.0.8,2025-02-26T10:14:11.54+00:00,1813,5,4,0.05515719801434087,49,4.612150495065341,205
2025-08-05,0.0.8,2025-02-26T10:14:11.54+00:00,1813,5,4,0.05515719801434087,49,4.612150495065341,205
2025-08-06,0.0.8,2025-02-26T10:14:11.54+00:00,1823,5,4,0,49,4.612016325845325,205
2025-08-06,0.0.8,2025-02-26T10:14:11.54+00:00,1823,5,4,0,49,4.612016325845325,205
2025-08-06,0.0.8,2025-02-26T10:14:11.54+00:00,1823,5,4,0,49,4.612016325845325,205
2025-08-06,0.0.8,2025-02-26T10:14:11.54+00:00,1823,5,4,0,49,4.612016325845325,205
2025-08-07,0.0.8,2025-02-26T10:14:11.54+00:00,1835,5,4,0.054674685620557675,49,4.611985916548056,207
2025-08-07,0.0.8,2025-02-26T10:14:11.54+00:00,1835,5,4,0.054674685620557675,49,4.611985916548056,207
2025-08-07,0.0.8,2025-02-26T10:14:11.54+00:00,1835,5,4,0.054674685620557675,49,4.611985916548056,207
2025-08-07,0.0.8,2025-02-26T10:14:11.54+00:00,1835,5,4,0.054674685620557675,49,4.611985916548056,207
2025-08-08,0.0.8,2025-02-26T10:14:11.54+00:00,1844,5,4,0.05431830526887561,49,4.611822618789725,207
2025-08-08,0.0.8,2025-02-26T10:14:11.54+00:00,1844,5,4,0.05431830526887561,49,4.611822618789725,207
2025-08-08,0.0.8,2025-02-26T10:14:11.54+00:00,1844,5,4,0.05431830526887561,49,4.611822618789725,207
2025-08-08,0.0.8,2025-02-26T10:14:11.54+00:00,1844,5,4,0.05431830526887561,49,4.611822618789725,207
2025-08-09,0.0.8,2025-02-26T10:14:11.54+00:00,1850,5,4,0.05408328826392645,49,4.611741696643733,208
2025-08-09,0.0.8,2025-02-26T10:14:11.54+00:00,1850,5,4,0.05408328826392645,49,4.611741696643733,208
2025-08-09,0.0.8,2025-02-26T10:14:11.54+00:00,1850,5,4,0.05408328826392645,49,4.611741696643733,208
2025-08-09,0.0.8,2025-02-26T10:14:11.54+00:00,1850,5,4,0.05408328826392645,49,4.611741696643733,208
2025-08-10,0.0.8,2025-02-26T10:14:11.54+00:00,1857,5,4,0,49,4.611690533550803,208
2025-08-10,0.0.8,2025-02-26T10:14:11.54+00:00,1857,5,4,0,49,4.611690533550803,208
2025-08-10,0.0.8,2025-02-26T10:14:11.54+00:00,1857,5,4,0,49,4.611690533550803,208
2025-08-10,0.0.8,2025-02-26T10:14:11.54+00:00,1857,5,4,0,49,4.611690533550803,208
2025-08-11,0.0.8,2025-02-26T10:14:11.54+00:00,1863,5,4,0,49,4.611707368639403,208
2025-08-11,0.0.8,2025-02-26T10:14:11.54+00:00,1863,5,4,0,49,4.611707368639403,208
2025-08-11,0.0.8,2025-02-26T10:14:11.54+00:00,1863,5,4,0,49,4.611707368639403,208
2025-08-11,0.0.8,2025-02-26T10:14:11.54+00:00,1863,5,4,0,49,4.611707368639403,208
2025-08-12,0.0.8,2025-02-26T10:14:11.54+00:00,1872,5,4,0,49,4.611689535040195,208
2025-08-12,0.0.8,2025-02-26T10:14:11.54+00:00,1872,5,4,0,49,4.611689535040195,208
2025-08-12,0.0.8,2025-02-26T10:14:11.54+00:00,1872,5,4,0,49,4.611689535040195,208
2025-08-12,0.0.8,2025-02-26T10:14:11.54+00:00,1872,5,4,0,49,4.611689535040195,208
2025-08-13,0.0.8,2025-02-26T10:14:11.54+00:00,1883,5,4,0,49,4.611648550905123,210
2025-08-13,0.0.8,2025-02-26T10:14:11.54+00:00,1883,5,4,0,49,4.611648550905123,210
2025-08-13,0.0.8,2025-02-26T10:14:11.54+00:00,1883,5,4,0,49,4.611648550905123,210
2025-08-13,0.0.8,2025-02-26T10:14:11.54+00:00,1883,5,4,0,49,4.611648550905123,210
2025-08-14,0.0.8,2025-02-26T10:14:11.54+00:00,1895,5,4,0,49,4.611619309158219,211
2025-08-14,0.0.8,2025-02-26T10:14:11.54+00:00,1895,5,4,0,49,4.611619309158219,211
2025-08-14,0.0.8,2025-02-26T10:14:11.54+00:00,1895,5,4,0,49,4.611619309158219,211
2025-08-14,0.0.8,2025-02-26T10:14:11.54+00:00,1895,5,4,0,49,4.611619309158219,211
2025-08-15,0.0.8,2025-02-26T10:14:11.54+00:00,1905,5,4,0.05254860746190226,49,4.61148657053888,213
2025-08-15,0.0.8,2025-02-26T10:14:11.54+00:00,1905,5,4,0.05254860746190226,49,4.61148657053888,213
2025-08-15,0.0.8,2025-02-26T10:14:11.54+00:00,1905,5,4,0.05254860746190226,49,4.61148657053888,213
2025-08-15,0.0.8,2025-02-26T10:14:11.54+00:00,1905,5,4,0.05254860746190226,49,4.61148657053888,213
2025-08-16,0.0.8,2025-02-26T10:14:11.54+00:00,1915,5,4,0.052328623757195186,49,4.611465380023875,214
2025-08-16,0.0.8,2025-02-26T10:14:11.54+00:00,1915,5,4,0.052328623757195186,49,4.611465380023875,214
2025-08-16,0.0.8,2025-02-26T10:14:11.54+00:00,1915,5,4,0.052328623757195186,49,4.611465380023875,214
2025-08-16,0.0.8,2025-02-26T10:14:11.54+00:00,1915,5,4,0.052328623757195186,49,4.611465380023875,214
2025-08-17,0.0.8,2025-02-26T10:14:11.54+00:00,1924,5,4,0,49,4.61140947607113,216
2025-08-17,0.0.8,2025-02-26T10:14:11.54+00:00,1924,5,4,0,49,4.61140947607113,216
2025-08-17,0.0.8,2025-02-26T10:14:11.54+00:00,1924,5,4,0,49,4.61140947607113,216
2025-08-17,0.0.8,2025-02-26T10:14:11.54+00:00,1924,5,4,0,49,4.61140947607113,216
2025-08-18,0.0.8,2025-02-26T10:14:11.54+00:00,1932,5,4,0.05178663904712584,49,4.611385336226286,217
2025-08-18,0.0.8,2025-02-26T10:14:11.54+00:00,1932,5,4,0.05178663904712584,49,4.611385336226286,217
2025-08-18,0.0.8,2025-02-26T10:14:11.54+00:00,1932,5,4,0.05178663904712584,49,4.611385336226286,217
2025-08-18,0.0.8,2025-02-26T10:14:11.54+00:00,1932,5,4,0.05178663904712584,49,4.611385336226286,217
2025-08-19,0.0.8,2025-02-26T10:14:11.54+00:00,1944,5,4,0,49,4.611422727787705,218
2025-08-19,0.0.8,2025-02-26T10:14:11.54+00:00,1944,5,4,0,49,4.611422727787705,218
2025-08-19,0.0.8,2025-02-26T10:14:11.54+00:00,1944,5,4,0,49,4.611422727787705,218
2025-08-19,0.0.8,2025-02-26T10:14:11.54+00:00,1944,5,4,0,49,4.611422727787705,218
2025-08-20,0.0.8,2025-02-26T10:14:11.54+00:00,1955,5,4,0,49,4.611301225284468,219
2025-08-20,0.0.8,2025-02-26T10:14:11.54+00:00,1955,5,4,0,49,4.611301225284468,219
2025-08-20,0.0.8,2025-02-26T10:14:11.54+00:00,1955,5,4,0,49,4.611301225284468,219
2025-08-20,0.0.8,2025-02-26T10:14:11.54+00:00,1955,5,4,0,49,4.611301225284468,219
2025-08-21,0.0.8,2025-02-26T10:14:11.54+00:00,1968,5,4,0,49,4.611247516652452,221
2025-08-21,0.0.8,2025-02-26T10:14:11.54+00:00,1968,5,4,0,49,4.611247516652452,221
2025-08-21,0.0.8,2025-02-26T10:14:11.54+00:00,1968,5,4,0,49,4.611247516652452,221
2025-08-21,0.0.8,2025-02-26T10:14:11.54+00:00,1968,5,4,0,49,4.611247516652452,221
2025-08-22,0.0.8,2025-02-26T10:14:11.54+00:00,1975,5,4,0,49,4.611107306853716,221
2025-08-22,0.0.8,2025-02-26T10:14:11.54+00:00,1975,5,4,0,49,4.611107306853716,221
2025-08-22,0.0.8,2025-02-26T10:14:11.54+00:00,1975,5,4,0,49,4.611107306853716,221
2025-08-22,0.0.8,2025-02-26T10:14:11.54+00:00,1975,5,4,0,49,4.611107306853716,221
2025-08-23,0.0.8,2025-02-26T10:14:11.54+00:00,1988,5,4,0.050454086781029264,49,4.611101190476191,221
2025-08-23,0.0.8,2025-02-26T10:14:11.54+00:00,1988,5,4,0.050454086781029264,49,4.611101190476191,221
2025-08-23,0.0.8,2025-02-26T10:14:11.54+00:00,1988,5,4,0.050454086781029264,49,4.611101190476191,221
2025-08-23,0.0.8,2025-02-26T10:14:11.54+00:00,1988,5,4,0.050454086781029264,49,4.611101190476191,221
2025-08-24,0.0.8,2025-02-26T10:14:11.54+00:00,2001,5,4,0.050075112669003496,49,4.611032924614662,222
2025-08-24,0.0.8,2025-02-26T10:14:11.54+00:00,2001,5,4,0.050075112669003496,49,4.611032924614662,222
2025-08-24,0.0.8,2025-02-26T10:14:11.54+00:00,2001,5,4,0.050075112669003496,49,4.611032924614662,222
2025-08-24,0.0.8,2025-02-26T10:14:11.54+00:00,2001,5,4,0.050075112669003496,49,4.611032924614662,222
2025-08-25,0.0.8,2025-02-26T10:14:11.54+00:00,2009,5,4,0,49,4.611105767848343,223
2025-08-25,0.0.8,2025-02-26T10:14:11.54+00:00,2009,5,4,0,49,4.611105767848343,223
2025-08-25,0.0.8,2025-02-26T10:14:11.54+00:00,2009,5,4,0,49,4.611105767848343,223
2025-08-25,0.0.8,2025-02-26T10:14:11.54+00:00,2009,5,4,0,49,4.611105767848343,223
2025-08-26,0.0.8,2025-02-26T10:14:11.54+00:00,2019,5,4,0.0496031746031746,49,4.6110495562100855,223
2025-08-26,0.0.8,2025-02-26T10:14:11.54+00:00,2019,5,4,0.0496031746031746,49,4.6110495562100855,223
2025-08-26,0.0.8,2025-02-26T10:14:11.54+00:00,2019,5,4,0.0496031746031746,49,4.6110495562100855,223
2025-08-26,0.0.8,2025-02-26T10:14:11.54+00:00,2019,5,4,0.0496031746031746,49,4.6110495562100855,223
2025-08-27,0.0.8,2025-02-26T10:14:11.54+00:00,2029,5,4,0,49,4.611082602906912,223
2025-08-27,0.0.8,2025-02-26T10:14:11.54+00:00,2029,5,4,0,49,4.611082602906912,223
2025-08-27,0.0.8,2025-02-26T10:14:11.54+00:00,2029,5,4,0,49,4.611082602906912,223
2025-08-27,0.0.8,2025-02-26T10:14:11.54+00:00,2029,5,4,0,49,4.611082602906912,223
2025-08-28,0.0.8,2025-02-26T10:14:11.54+00:00,2042,5,4,0,49,4.611242272608035,224
2025-08-28,0.0.8,2025-02-26T10:14:11.54+00:00,2042,5,4,0,49,4.611242272608035,224
2025-08-28,0.0.8,2025-02-26T10:14:11.54+00:00,2042,5,4,0,49,4.611242272608035,224
2025-08-28,0.0.8,2025-02-26T10:14:11.54+00:00,2042,5,4,0,49,4.611242272608035,224
2025-08-29,0.0.8,2025-02-26T10:14:11.54+00:00,2057,5,4,0,49,4.611199488728886,224
2025-08-29,0.0.8,2025-02-26T10:14:11.54+00:00,2057,5,4,0,49,4.611199488728886,224
2025-08-29,0.0.8,2025-02-26T10:14:11.54+00:00,2057,5,4,0,49,4.611199488728886,224
2025-08-29,0.0.8,2025-02-26T10:14:11.54+00:00,2057,5,4,0,49,4.611199488728886,224
2025-08-30,0.0.8,2025-02-26T10:14:11.54+00:00,2067,5,4,0,49,4.611122263215821,224
2025-08-30,0.0.8,2025-02-26T10:14:11.54+00:00,2067,5,4,0,49,4.611122263215821,224
2025-08-30,0.0.8,2025-02-26T10:14:11.54+00:00,2067,5,4,0,49,4.611122263215821,224
2025-08-30,0.0.8,2025-02-26T10:14:11.54+00:00,2067,5,4,0,49,4.611122263215821,224
2025-08-31,0.0.8,2025-02-26T10:14:11.54+00:00,2079,5,4,0,49,4.611163893373458,225
2025-08-31,0.0.8,2025-02-26T10:14:11.54+00:00,2079,5,4,0,49,4.611163893373458,225
2025-08-31,0.0.8,2025-02-26T10:14:11.54+00:00,2079,5,4,0,49,4.611163893373458,225
2025-08-31,0.0.8,2025-02-26T10:14:11.54+00:00,2079,5,4,0,49,4.611163893373458,225
2025-09-01,0.0.8,2025-02-26T10:14:11.54+00:00,2088,5,4,0,49,4.611061693253474,226
2025-09-01,0.0.8,2025-02-26T10:14:11.54+00:00,2088,5,4,0,49,4.611061693253474,226
2025-09-01,0.0.8,2025-02-26T10:14:11.54+00:00,2088,5,4,0,49,4.611061693253474,226
2025-09-01,0.0.8,2025-02-26T10:14:11.54+00:00,2088,5,4,0,49,4.611061693253474,226
2025-09-02,0.0.8,2025-02-26T10:14:11.54+00:00,2095,5,4,0,49,4.611010669828097,226
2025-09-02,0.0.8,2025-02-26T10:14:11.54+00:00,2095,5,4,0,49,4.611010669828097,226
2025-09-02,0.0.8,2025-02-26T10:14:11.54+00:00,2095,5,4,0,49,4.611010669828097,226
2025-09-02,0.0.8,2025-02-26T10:14:11.54+00:00,2095,5,4,0,49,4.611010669828097,226
2025-09-03,0.0.8,2025-02-26T10:14:11.54+00:00,2100,5,4,0,49,4.611137006891131,227
2025-09-03,0.0.8,2025-02-26T10:14:11.54+00:00,2100,5,4,0,49,4.611137006891131,227
2025-09-03,0.0.8,2025-02-26T10:14:11.54+00:00,2100,5,4,0,49,4.611137006891131,227
2025-09-03,0.0.8,2025-02-26T10:14:11.54+00:00,2100,5,4,0,49,4.611137006891131,227
2025-09-04,0.0.8,2025-02-26T10:14:11.54+00:00,2107,5,4,0,49,4.611136284436863,227
2025-09-04,0.0.8,2025-02-26T10:14:11.54+00:00,2107,5,4,0,49,4.611136284436863,227
2025-09-04,0.0.8,2025-02-26T10:14:11.54+00:00,2107,5,4,0,49,4.611136284436863,227
2025-09-04,0.0.8,2025-02-26T10:14:11.54+00:00,2107,5,4,0,49,4.611136284436863,227
2025-09-05,0.0.8,2025-02-26T10:14:11.54+00:00,2119,5,4,0.04728132387706856,49,4.6111198276687215,228
2025-09-05,0.0.8,2025-02-26T10:14:11.54+00:00,2119,5,4,0.04728132387706856,49,4.6111198276687215,228
2025-09-05,0.0.8,2025-02-26T10:14:11.54+00:00,2119,5,4,0.04728132387706856,49,4.6111198276687215,228
2025-09-05,0.0.8,2025-02-26T10:14:11.54+00:00,2119,5,4,0.04728132387706856,49,4.6111198276687215,228
2025-09-06,0.0.8,2025-02-26T10:14:11.54+00:00,2125,5,4,0,49,4.6111899714623075,229
2025-09-06,0.0.8,2025-02-26T10:14:11.54+00:00,2125,5,4,0,49,4.6111899714623075,229
2025-09-06,0.0.8,2025-02-26T10:14:11.54+00:00,2125,5,4,0,49,4.6111899714623075,229
2025-09-06,0.0.8,2025-02-26T10:14:11.54+00:00,2125,5,4,0,49,4.6111899714623075,229
2025-09-07,0.0.8,2025-02-26T10:14:11.54+00:00,2142,5,4,0,49,4.611188416716551,231
2025-09-07,0.0.8,2025-02-26T10:14:11.54+00:00,2142,5,4,0,49,4.611188416716551,231
2025-09-07,0.0.8,2025-02-26T10:14:11.54+00:00,2142,5,4,0,49,4.611188416716551,231
2025-09-07,0.0.8,2025-02-26T10:14:11.54+00:00,2142,5,4,0,49,4.611188416716551,231
2025-09-08,0.0.8,2025-02-26T10:14:11.54+00:00,2157,5,4,0,49,4.611141620762513,232
2025-09-08,0.0.8,2025-02-26T10:14:11.54+00:00,2157,5,4,0,49,4.611141620762513,232
2025-09-08,0.0.8,2025-02-26T10:14:11.54+00:00,2157,5,4,0,49,4.611141620762513,232
2025-09-08,0.0.8,2025-02-26T10:14:11.54+00:00,2157,5,4,0,49,4.611141620762513,232
2025-09-09,0.0.8,2025-02-26T10:14:11.54+00:00,2164,5,4,0.04627487274409996,49,4.611210762331838,233
2025-09-09,0.0.8,2025-02-26T10:14:11.54+00:00,2164,5,4,0.04627487274409996,49,4.611210762331838,233
2025-09-09,0.0.8,2025-02-26T10:14:11.54+00:00,2164,5,4,0.04627487274409996,49,4.611210762331838,233
2025-09-09,0.0.8,2025-02-26T10:14:11.54+00:00,2164,5,4,0.04627487274409996,49,4.611210762331838,233
2025-09-10,0.0.8,2025-02-26T10:14:11.54+00:00,2177,5,4,0,49,4.611222484373537,235
2025-09-10,0.0.8,2025-02-26T10:14:11.54+00:00,2177,5,4,0,49,4.611222484373537,235
2025-09-10,0.0.8,2025-02-26T10:14:11.54+00:00,2177,5,4,0,49,4.611222484373537,235
2025-09-10,0.0.8,2025-02-26T10:14:11.54+00:00,2177,5,4,0,49,4.611222484373537,235
2025-09-11,0.0.8,2025-02-26T10:14:11.54+00:00,2182,5,4,0,49,4.6111719983181345,235
2025-09-11,0.0.8,2025-02-26T10:14:11.54+00:00,2182,5,4,0,49,4.6111719983181345,235
2025-09-11,0.0.8,2025-02-26T10:14:11.54+00:00,2182,5,4,0,49,4.6111719983181345,235
2025-09-11,0.0.8,2025-02-26T10:14:11.54+00:00,2182,5,4,0,49,4.6111719983181345,235
2025-09-12,0.0.8,2025-02-26T10:14:11.54+00:00,2191,5,4,0.04570383912248629,49,4.610920937536591,236
2025-09-12,0.0.8,2025-02-26T10:14:11.54+00:00,2191,5,4,0.04570383912248629,49,4.610920937536591,236
2025-09-12,0.0.8,2025-02-26T10:14:11.54+00:00,2191,5,4,0.04570383912248629,49,4.610920937536591,236
2025-09-12,0.0.8,2025-02-26T10:14:11.54+00:00,2191,5,4,0.04570383912248629,49,4.610920937536591,236
2025-09-13,0.0.8,2025-02-26T10:14:11.54+00:00,2198,5,4,0,49,4.610877759933597,237
2025-09-13,0.0.8,2025-02-26T10:14:11.54+00:00,2198,5,4,0,49,4.610877759933597,237
2025-09-13,0.0.8,2025-02-26T10:14:11.54+00:00,2198,5,4,0,49,4.610877759933597,237
2025-09-13,0.0.8,2025-02-26T10:14:11.54+00:00,2198,5,4,0,49,4.610877759933597,237
2025-09-14,0.0.8,2025-02-26T10:14:11.54+00:00,2207,5,4,0,49,4.61017352032327,238
2025-09-14,0.0.8,2025-02-26T10:14:11.54+00:00,2207,5,4,0,49,4.61017352032327,238
2025-09-14,0.0.8,2025-02-26T10:14:11.54+00:00,2207,5,4,0,49,4.61017352032327,238
2025-09-14,0.0.8,2025-02-26T10:14:11.54+00:00,2207,5,4,0,49,4.61017352032327,238
2025-09-15,0.0.8,2025-02-26T10:14:11.54+00:00,2217,5,4,0,49,4.610805104736743,238
2025-09-15,0.0.8,2025-02-26T10:14:11.54+00:00,2217,5,4,0,49,4.610805104736743,238
2025-09-15,0.0.8,2025-02-26T10:14:11.54+00:00,2217,5,4,0,49,4.610805104736743,238
2025-09-15,0.0.8,2025-02-26T10:14:11.54+00:00,2217,5,4,0,49,4.610805104736743,238
2025-09-16,0.0.8,2025-02-26T10:14:11.54+00:00,2226,5,4,0,49,4.610763796111469,239
2025-09-16,0.0.8,2025-02-26T10:14:11.54+00:00,2226,5,4,0,49,4.610763796111469,239
2025-09-16,0.0.8,2025-02-26T10:14:11.54+00:00,2226,5,4,0,49,4.610763796111469,239
2025-09-16,0.0.8,2025-02-26T10:14:11.54+00:00,2226,5,4,0,49,4.610763796111469,239
2025-09-17,0.0.8,2025-02-26T10:14:11.54+00:00,2232,5,4,0,49,4.610756041448396,239
2025-09-17,0.0.8,2025-02-26T10:14:11.54+00:00,2232,5,4,0,49,4.610756041448396,239
2025-09-17,0.0.8,2025-02-26T10:14:11.54+00:00,2232,5,4,0,49,4.610756041448396,239
2025-09-17,0.0.8,2025-02-26T10:14:11.54+00:00,2232,5,4,0,49,4.610756041448396,239
2025-09-18,0.0.8,2025-02-26T10:14:11.54+00:00,2246,5,4,0.04462293618920125,49,4.610735363255099,239
2025-09-18,0.0.8,2025-02-26T10:14:11.54+00:00,2246,5,4,0.04462293618920125,49,4.610735363255099,239
2025-09-18,0.0.8,2025-02-26T10:14:11.54+00:00,2246,5,4,0.04462293618920125,49,4.610735363255099,239
2025-09-18,0.0.8,2025-02-26T10:14:11.54+00:00,2246,5,4,0.04462293618920125,49,4.610735363255099,239
2025-09-19,0.0.8,2025-02-26T10:14:11.54+00:00,2257,5,4,0,49,4.610700010007712,241
2025-09-19,0.0.8,2025-02-26T10:14:11.54+00:00,2257,5,4,0,49,4.610700010007712,241
2025-09-19,0.0.8,2025-02-26T10:14:11.54+00:00,2257,5,4,0,49,4.610700010007712,241
2025-09-19,0.0.8,2025-02-26T10:14:11.54+00:00,2257,5,4,0,49,4.610700010007712,241
2025-09-20,0.0.8,2025-02-26T10:14:11.54+00:00,2267,5,4,0,49,4.610708841837225,242
2025-09-20,0.0.8,2025-02-26T10:14:11.54+00:00,2267,5,4,0,49,4.610708841837225,242
2025-09-20,0.0.8,2025-02-26T10:14:11.54+00:00,2267,5,4,0,49,4.610708841837225,242
2025-09-20,0.0.8,2025-02-26T10:14:11.54+00:00,2267,5,4,0,49,4.610708841837225,242
2025-09-21,0.0.8,2025-02-26T10:14:11.54+00:00,2274,5,4,0.04399472063352398,49,4.610803692165279,243
2025-09-21,0.0.8,2025-02-26T10:14:11.54+00:00,2274,5,4,0.04399472063352398,49,4.610803692165279,243
2025-09-21,0.0.8,2025-02-26T10:14:11.54+00:00,2274,5,4,0.04399472063352398,49,4.610803692165279,243
2025-09-21,0.0.8,2025-02-26T10:14:11.54+00:00,2274,5,4,0.04399472063352398,49,4.610803692165279,243
2025-09-22,0.0.8,2025-02-26T10:14:11.54+00:00,2281,5,4,0,49,4.610818304098383,243
2025-09-22,0.0.8,2025-02-26T10:14:11.54+00:00,2281,5,4,0,49,4.610818304098383,243
2025-09-22,0.0.8,2025-02-26T10:14:11.54+00:00,2281,5,4,0,49,4.610818304098383,243
2025-09-22,0.0.8,2025-02-26T10:14:11.54+00:00,2281,5,4,0,49,4.610818304098383,243
2025-09-23,0.0.8,2025-02-26T10:14:11.54+00:00,2287,5,4,0,49,4.6108787718110085,244
2025-09-23,0.0.8,2025-02-26T10:14:11.54+00:00,2287,5,4,0,49,4.6108787718110085,244
2025-09-23,0.0.8,2025-02-26T10:14:11.54+00:00,2287,5,4,0,49,4.6108787718110085,244
2025-09-23,0.0.8,2025-02-26T10:14:11.54+00:00,2287,5,4,0,49,4.6108787718110085,244
2025-09-24,0.0.8,2025-02-26T10:14:11.54+00:00,2298,5,4,0,49,4.610864294286204,246
2025-09-24,0.0.8,2025-02-26T10:14:11.54+00:00,2298,5,4,0,49,4.610864294286204,246
2025-09-24,0.0.8,2025-02-26T10:14:11.54+00:00,2298,5,4,0,49,4.610864294286204,246
2025-09-24,0.0.8,2025-02-26T10:14:11.54+00:00,2298,5,4,0,49,4.610864294286204,246
2025-09-25,0.0.8,2025-02-26T10:14:11.54+00:00,2316,5,4,0,49,4.610669121138979,247
2025-09-25,0.0.8,2025-02-26T10:14:11.54+00:00,2316,5,4,0,49,4.610669121138979,247
2025-09-25,0.0.8,2025-02-26T10:14:11.54+00:00,2316,5,4,0,49,4.610669121138979,247
2025-09-25,0.0.8,2025-02-26T10:14:11.54+00:00,2316,5,4,0,49,4.610669121138979,247
2025-09-26,0.0.8,2025-02-26T10:14:11.54+00:00,2330,5,4,0,49,4.610457673697562,248
2025-09-26,0.0.8,2025-02-26T10:14:11.54+00:00,2330,5,4,0,49,4.610457673697562,248
2025-09-26,0.0.8,2025-02-26T10:14:11.54+00:00,2330,5,4,0,49,4.610457673697562,248
2025-09-26,0.0.8,2025-02-26T10:14:11.54+00:00,2330,5,4,0,49,4.610457673697562,248
2025-09-27,0.0.8,2025-02-26T10:14:11.54+00:00,2337,5,4,0,49,4.610350481094681,248
2025-09-27,0.0.8,2025-02-26T10:14:11.54+00:00,2337,5,4,0,49,4.610350481094681,248
2025-09-27,0.0.8,2025-02-26T10:14:11.54+00:00,2337,5,4,0,49,4.610350481094681,248
2025-09-27,0.0.8,2025-02-26T10:14:11.54+00:00,2337,5,4,0,49,4.610350481094681,248
2025-09-28,0.0.8,2025-02-26T10:14:11.54+00:00,2349,5,4,0,49,4.610360717170591,249
2025-09-28,0.0.8,2025-02-26T10:14:11.54+00:00,2349,5,4,0,49,4.610360717170591,249
2025-09-28,0.0.8,2025-02-26T10:14:11.54+00:00,2349,5,4,0,49,4.610360717170591,249
2025-09-28,0.0.8,2025-02-26T10:14:11.54+00:00,2349,5,4,0,49,4.610360717170591,249
2025-09-29,0.0.8,2025-02-26T10:14:11.54+00:00,2356,5,4,0,49,4.610325168196347,251
2025-09-29,0.0.8,2025-02-26T10:14:11.54+00:00,2356,5,4,0,49,4.610325168196347,251
2025-09-29,0.0.8,2025-02-26T10:14:11.54+00:00,2356,5,4,0,49,4.610325168196347,251
2025-09-29,0.0.8,2025-02-26T10:14:11.54+00:00,2356,5,4,0,49,4.610325168196347,251
2025-09-30,0.0.8,2025-02-26T10:14:11.54+00:00,2363,5,4,0,49,4.610240341527158,252
2025-09-30,0.0.8,2025-02-26T10:14:11.54+00:00,2363,5,4,0,49,4.610240341527158,252
2025-09-30,0.0.8,2025-02-26T10:14:11.54+00:00,2363,5,4,0,49,4.610240341527158,252
2025-09-30,0.0.8,2025-02-26T10:14:11.54+00:00,2363,5,4,0,49,4.610240341527158,252
2025-10-01,0.0.8,2025-02-26T10:14:11.54+00:00,2376,5,4,0,49,4.609881656515729,253
2025-10-01,0.0.8,2025-02-26T10:14:11.54+00:00,2376,5,4,0,49,4.609881656515729,253
2025-10-01,0.0.8,2025-02-26T10:14:11.54+00:00,2376,5,4,0,49,4.609881656515729,253
2025-10-01,0.0.8,2025-02-26T10:14:11.54+00:00,2376,5,4,0,49,4.609881656515729,253
2025-10-02,0.0.8,2025-02-26T10:14:11.54+00:00,2386,5,4,0,49,4.609722995205874,255
2025-10-02,0.0.8,2025-02-26T10:14:11.54+00:00,2386,5,4,0,49,4.609722995205874,255
2025-10-02,0.0.8,2025-02-26T10:14:11.54+00:00,2386,5,4,0,49,4.609722995205874,255
2025-10-02,0.0.8,2025-02-26T10:14:11.54+00:00,2386,5,4,0,49,4.609722995205874,255
2025-10-03,0.0.8,2025-02-26T10:14:11.54+00:00,2396,5,4,0,49,4.609568568364412,255
2025-10-03,0.0.8,2025-02-26T10:14:11.54+00:00,2396,5,4,0,49,4.609568568364412,255
2025-10-03,0.0.8,2025-02-26T10:14:11.54+00:00,2396,5,4,0,49,4.609568568364412,255
2025-10-03,0.0.8,2025-02-26T10:14:11.54+00:00,2396,5,4,0,49,4.609568568364412,255
2025-10-04,0.0.8,2025-02-26T10:14:11.54+00:00,2410,5,4,0,49,4.609376981255011,257
2025-10-04,0.0.8,2025-02-26T10:14:11.54+00:00,2410,5,4,0,49,4.609376981255011,257
2025-10-04,0.0.8,2025-02-26T10:14:11.54+00:00,2410,5,4,0,49,4.609376981255011,257
2025-10-04,0.0.8,2025-02-26T10:14:11.54+00:00,2410,5,4,0,49,4.609376981255011,257
2025-10-05,0.0.8,2025-02-26T10:14:11.54+00:00,2422,5,4,0,50,4.609298901623919,259
2025-10-05,0.0.8,2025-02-26T10:14:11.54+00:00,2422,5,4,0,50,4.609298901623919,259
2025-10-05,0.0.8,2025-02-26T10:14:11.54+00:00,2422,5,4,0,50,4.609298901623919,259
2025-10-05,0.0.8,2025-02-26T10:14:11.54+00:00,2422,5,4,0,50,4.609298901623919,259
2025-10-06,0.0.8,2025-02-26T10:14:11.54+00:00,2430,5,4,0,50,4.609289023578344,259
2025-10-06,0.0.8,2025-02-26T10:14:11.54+00:00,2430,5,4,0,50,4.609289023578344,259
2025-10-06,0.0.8,2025-02-26T10:14:11.54+00:00,2430,5,4,0,50,4.609289023578344,259
2025-10-06,0.0.8,2025-02-26T10:14:11.54+00:00,2430,5,4,0,50,4.609289023578344,259
2025-10-07,0.0.8,2025-02-26T10:14:11.54+00:00,2452,5,4,0,50,4.609101636302869,260
2025-10-07,0.0.8,2025-02-26T10:14:11.54+00:00,2452,5,4,0,50,4.609101636302869,260
2025-10-07,0.0.8,2025-02-26T10:14:11.54+00:00,2452,5,4,0,50,4.609101636302869,260
2025-10-07,0.0.8,2025-02-26T10:14:11.54+00:00,2452,5,4,0,50,4.609101636302869,260
2025-10-08,0.0.8,2025-02-26T10:14:11.54+00:00,2468,5,4,0,50,4.6089932335492065,260
2025-10-08,0.0.8,2025-02-26T10:14:11.54+00:00,2468,5,4,0,50,4.6089932335492065,260
2025-10-08,0.0.8,2025-02-26T10:14:11.54+00:00,2468,5,4,0,50,4.6089932335492065,260
2025-10-08,0.0.8,2025-02-26T10:14:11.54+00:00,2468,5,4,0,50,4.6089932335492065,260
2025-10-09,0.0.8,2025-02-26T10:14:11.54+00:00,2481,5,4,0,50,4.608968953920631,260
2025-10-09,0.0.8,2025-02-26T10:14:11.54+00:00,2481,5,4,0,50,4.608968953920631,260
2025-10-09,0.0.8,2025-02-26T10:14:11.54+00:00,2481,5,4,0,50,4.608968953920631,260
2025-10-09,0.0.8,2025-02-26T10:14:11.54+00:00,2481,5,4,0,50,4.608968953920631,260
2025-10-10,0.0.8,2025-02-26T10:14:11.54+00:00,2494,5,4,0,50,4.608725141782823,263
2025-10-10,0.0.8,2025-02-26T10:14:11.54+00:00,2494,5,4,0,50,4.608725141782823,263
2025-10-10,0.0.8,2025-02-26T10:14:11.54+00:00,2494,5,4,0,50,4.608725141782823,263
2025-10-10,0.0.8,2025-02-26T10:14:11.54+00:00,2494,5,4,0,50,4.608725141782823,263
2025-10-11,0.0.8,2025-02-26T10:14:11.54+00:00,2509,5,4,0,50,4.608638814750258,266
2025-10-11,0.0.8,2025-02-26T10:14:11.54+00:00,2509,5,4,0,50,4.608638814750258,266
2025-10-11,0.0.8,2025-02-26T10:14:11.54+00:00,2509,5,4,0,50,4.608638814750258,266
2025-10-11,0.0.8,2025-02-26T10:14:11.54+00:00,2509,5,4,0,50,4.608638814750258,266
2025-10-12,0.0.8,2025-02-26T10:14:11.54+00:00,2517,5,4,0,50,4.608566080847857,268
2025-10-12,0.0.8,2025-02-26T10:14:11.54+00:00,2517,5,4,0,50,4.608566080847857,268
2025-10-12,0.0.8,2025-02-26T10:14:11.54+00:00,2517,5,4,0,50,4.608566080847857,268
2025-10-12,0.0.8,2025-02-26T10:14:11.54+00:00,2517,5,4,0,50,4.608566080847857,268
2025-10-13,0.0.8,2025-02-26T10:14:11.54+00:00,2528,5,4,0,50,4.608589331516472,269
2025-10-13,0.0.8,2025-02-26T10:14:11.54+00:00,2528,5,4,0,50,4.608589331516472,269
2025-10-13,0.0.8,2025-02-26T10:14:11.54+00:00,2528,5,4,0,50,4.608589331516472,269
2025-10-13,0.0.8,2025-02-26T10:14:11.54+00:00,2528,5,4,0,50,4.608589331516472,269
2025-10-14,0.0.8,2025-02-26T10:14:11.54+00:00,2534,5,4,0,50,4.608409500358567,270
2025-10-14,0.0.8,2025-02-26T10:14:11.54+00:00,2534,5,4,0,50,4.608409500358567,270
2025-10-14,0.0.8,2025-02-26T10:14:11.54+00:00,2534,5,4,0,50,4.608409500358567,270
2025-10-14,0.0.8,2025-02-26T10:14:11.54+00:00,2534,5,4,0,50,4.608409500358567,270
2025-10-15,0.0.8,2025-02-26T10:14:11.54+00:00,2551,5,4,0,50,4.608261250463771,271
2025-10-15,0.0.8,2025-02-26T10:14:11.54+00:00,2551,5,4,0,50,4.608261250463771,271
2025-10-15,0.0.8,2025-02-26T10:14:11.54+00:00,2551,5,4,0,50,4.608261250463771,271
2025-10-15,0.0.8,2025-02-26T10:14:11.54+00:00,2551,5,4,0,50,4.608261250463771,271
2025-10-16,0.0.8,2025-02-26T10:14:11.54+00:00,2563,5,4,0.039077764751856196,50,4.6085245124883,273
2025-10-16,0.0.8,2025-02-26T10:14:11.54+00:00,2563,5,4,0.039077764751856196,50,4.6085245124883,273
2025-10-16,0.0.8,2025-02-26T10:14:11.54+00:00,2563,5,4,0.039077764751856196,50,4.6085245124883,273
2025-10-16,0.0.8,2025-02-26T10:14:11.54+00:00,2563,5,4,0.039077764751856196,50,4.6085245124883,273
2025-10-17,0.0.8,2025-02-26T10:14:11.54+00:00,2570,5,4,0,50,4.608546485954006,275
2025-10-17,0.0.8,2025-02-26T10:14:11.54+00:00,2570,5,4,0,50,4.608546485954006,275
2025-10-17,0.0.8,2025-02-26T10:14:11.54+00:00,2570,5,4,0,50,4.608546485954006,275
2025-10-17,0.0.8,2025-02-26T10:14:11.54+00:00,2570,5,4,0,50,4.608546485954006,275
2025-10-18,0.0.8,2025-02-26T10:14:11.54+00:00,2582,5,4,0.038804811796662786,50,4.608524179816923,276
2025-10-18,0.0.8,2025-02-26T10:14:11.54+00:00,2582,5,4,0.038804811796662786,50,4.608524179816923,276
2025-10-18,0.0.8,2025-02-26T10:14:11.54+00:00,2582,5,4,0.038804811796662786,50,4.608524179816923,276
2025-10-18,0.0.8,2025-02-26T10:14:11.54+00:00,2582,5,4,0.038804811796662786,50,4.608524179816923,276
2025-10-19,0.0.8,2025-02-26T10:14:11.54+00:00,2588,5,4,0,50,4.60851238002126,277
2025-10-19,0.0.8,2025-02-26T10:14:11.54+00:00,2588,5,4,0,50,4.60851238002126,277
2025-10-19,0.0.8,2025-02-26T10:14:11.54+00:00,2588,5,4,0,50,4.60851238002126,277
2025-10-19,0.0.8,2025-02-26T10:14:11.54+00:00,2588,5,4,0,50,4.60851238002126,277
2025-10-20,0.0.8,2025-02-26T10:14:11.54+00:00,2610,5,4,0.1152073732718894,50,4.608472755269655,280
2025-10-20,0.0.8,2025-02-26T10:14:11.54+00:00,2610,5,4,0.1152073732718894,50,4.608472755269655,280
2025-10-20,0.0.8,2025-02-26T10:14:11.54+00:00,2610,5,4,0.1152073732718894,50,4.608472755269655,280
2025-10-20,0.0.8,2025-02-26T10:14:11.54+00:00,2610,5,4,0.1152073732718894,50,4.608472755269655,280
2025-10-21,0.0.8,2025-02-26T10:14:11.54+00:00,2623,5,4,0,50,4.608395607377899,282
2025-10-21,0.0.8,2025-02-26T10:14:11.54+00:00,2623,5,4,0,50,4.608395607377899,282
2025-10-21,0.0.8,2025-02-26T10:14:11.54+00:00,2623,5,4,0,50,4.608395607377899,282
2025-10-21,0.0.8,2025-02-26T10:14:11.54+00:00,2623,5,4,0,50,4.608395607377899,282
2025-10-22,0.0.8,2025-02-26T10:14:11.54+00:00,2643,5,4,0.03795066413662239,50,4.608342594377875,283
2025-10-22,0.0.8,2025-02-26T10:14:11.54+00:00,2643,5,4,0.03795066413662239,50,4.608342594377875,283
2025-10-22,0.0.8,2025-02-26T10:14:11.54+00:00,2643,5,4,0.03795066413662239,50,4.608342594377875,283
2025-10-22,0.0.8,2025-02-26T10:14:11.54+00:00,2643,5,4,0.03795066413662239,50,4.608342594377875,283
2025-10-23,0.0.8,2025-02-26T10:14:11.54+00:00,2658,5,4,0.03769317753486619,50,4.608328983316272,283
2025-10-23,0.0.8,2025-02-26T10:14:11.54+00:00,2658,5,4,0.03769317753486619,50,4.608328983316272,283
2025-10-23,0.0.8,2025-02-26T10:14:11.54+00:00,2658,5,4,0.03769317753486619,50,4.608328983316272,283
2025-10-23,0.0.8,2025-02-26T10:14:11.54+00:00,2658,5,4,0.03769317753486619,50,4.608328983316272,283
2025-10-24,0.0.8,2025-02-26T10:14:11.54+00:00,2668,5,4,0.03753753753753754,50,4.608430148414833,284
2025-10-24,0.0.8,2025-02-26T10:14:11.54+00:00,2668,5,4,0.03753753753753754,50,4.608430148414833,284
2025-10-24,0.0.8,2025-02-26T10:14:11.54+00:00,2668,5,4,0.03753753753753754,50,4.608430148414833,284
2025-10-24,0.0.8,2025-02-26T10:14:11.54+00:00,2668,5,4,0.03753753753753754,50,4.608430148414833,284
2025-10-25,0.0.8,2025-02-26T10:14:11.54+00:00,2685,5,4,0.0373134328358209,50,4.6084767542900495,285
2025-10-25,0.0.8,2025-02-26T10:14:11.54+00:00,2685,5,4,0.0373134328358209,50,4.6084767542900495,285
2025-10-25,0.0.8,2025-02-26T10:14:11.54+00:00,2685,5,4,0.0373134328358209,50,4.6084767542900495,285
2025-10-25,0.0.8,2025-02-26T10:14:11.54+00:00,2685,5,4,0.0373134328358209,50,4.6084767542900495,285
2025-10-26,0.0.8,2025-02-26T10:14:11.54+00:00,2695,5,4,0.03714710252600297,51,4.608426451128635,285
2025-10-26,0.0.8,2025-02-26T10:14:11.54+00:00,2695,5,4,0.03714710252600297,51,4.608426451128635,285
2025-10-26,0.0.8,2025-02-26T10:14:11.54+00:00,2695,5,4,0.03714710252600297,51,4.608426451128635,285
2025-10-26,0.0.8,2025-02-26T10:14:11.54+00:00,2695,5,4,0.03714710252600297,51,4.608426451128635,285
2025-10-27,0.0.8,2025-02-26T10:14:11.54+00:00,2708,5,4,0,51,4.6083866574848535,285
2025-10-27,0.0.8,2025-02-26T10:14:11.54+00:00,2708,5,4,0,51,4.6083866574848535,285
2025-10-27,0.0.8,2025-02-26T10:14:11.54+00:00,2708,5,4,0,51,4.6083866574848535,285
2025-10-27,0.0.8,2025-02-26T10:14:11.54+00:00,2708,5,4,0,51,4.6083866574848535,285
2025-10-28,0.0.8,2025-02-26T10:14:11.54+00:00,2724,5,4,0,51,4.6084504236718615,286
2025-10-28,0.0.8,2025-02-26T10:14:11.54+00:00,2724,5,4,0,51,4.6084504236718615,286
2025-10-28,0.0.8,2025-02-26T10:14:11.54+00:00,2724,5,4,0,51,4.6084504236718615,286
2025-10-28,0.0.8,2025-02-26T10:14:11.54+00:00,2724,5,4,0,51,4.6084504236718615,286
2025-10-29,0.0.8,2025-02-26T10:14:11.54+00:00,2733,5,4,0,51,4.608541114468604,287
2025-10-29,0.0.8,2025-02-26T10:14:11.54+00:00,2733,5,4,0,51,4.608541114468604,287
2025-10-29,0.0.8,2025-02-26T10:14:11.54+00:00,2733,5,4,0,51,4.608541114468604,287
2025-10-29,0.0.8,2025-02-26T10:14:11.54+00:00,2733,5,4,0,51,4.608541114468604,287
2025-10-30,0.0.8,2025-02-26T10:14:11.54+00:00,2748,5,4,0,51,4.608592897772015,287
2025-10-30,0.0.8,2025-02-26T10:14:11.54+00:00,2748,5,4,0,51,4.608592897772015,287
2025-10-30,0.0.8,2025-02-26T10:14:11.54+00:00,2748,5,4,0,51,4.608592897772015,287
2025-10-30,0.0.8,2025-02-26T10:14:11.54+00:00,2748,5,4,0,51,4.608592897772015,287
2025-10-31,0.0.8,2025-02-26T10:14:11.54+00:00,2758,5,4,0,51,4.608562215657511,287
2025-10-31,0.0.8,2025-02-26T10:14:11.54+00:00,2758,5,4,0,51,4.608562215657511,287
2025-10-31,0.0.8,2025-02-26T10:14:11.54+00:00,2758,5,4,0,51,4.608562215657511,287
2025-10-31,0.0.8,2025-02-26T10:14:11.54+00:00,2758,5,4,0,51,4.608562215657511,287
2025-11-01,0.0.8,2025-02-26T10:14:11.54+00:00,2770,5,4,0,51,4.608726082675265,288
2025-11-01,0.0.8,2025-02-26T10:14:11.54+00:00,2770,5,4,0,51,4.608726082675265,288
2025-11-01,0.0.8,2025-02-26T10:14:11.54+00:00,2770,5,4,0,51,4.608726082675265,288
2025-11-01,0.0.8,2025-02-26T10:14:11.54+00:00,2770,5,4,0,51,4.608726082675265,288
2025-11-02,0.0.8,2025-02-26T10:14:11.54+00:00,2779,5,4,0.036010082823190494,51,4.608795514422752,288
2025-11-02,0.0.8,2025-02-26T10:14:11.54+00:00,2779,5,4,0.036010082823190494,51,4.608795514422752,288
2025-11-02,0.0.8,2025-02-26T10:14:11.54+00:00,2779,5,4,0.036010082823190494,51,4.608795514422752,288
2025-11-02,0.0.8,2025-02-26T10:14:11.54+00:00,2779,5,4,0.036010082823190494,51,4.608795514422752,288
2025-11-03,0.0.8,2025-02-26T10:14:11.54+00:00,2786,5,4,0,51,4.60883813948732,288
2025-11-03,0.0.8,2025-02-26T10:14:11.54+00:00,2786,5,4,0,51,4.60883813948732,288
2025-11-03,0.0.8,2025-02-26T10:14:11.54+00:00,2786,5,4,0,51,4.60883813948732,288
2025-11-03,0.0.8,2025-02-26T10:14:11.54+00:00,2786,5,4,0,51,4.60883813948732,288
2025-11-04,0.0.8,2025-02-26T10:14:11.54+00:00,2798,5,4,0,51,4.608964894024336,290
2025-11-04,0.0.8,2025-02-26T10:14:11.54+00:00,2798,5,4,0,51,4.608964894024336,290
2025-11-04,0.0.8,2025-02-26T10:14:11.54+00:00,2798,5,4,0,51,4.608964894024336,290
2025-11-04,0.0.8,2025-02-26T10:14:11.54+00:00,2798,5,4,0,51,4.608964894024336,290
2025-11-05,0.0.8,2025-02-26T10:14:11.54+00:00,2809,5,4,0,51,4.609058734947018,290
2025-11-05,0.0.8,2025-02-26T10:14:11.54+00:00,2809,5,4,0,51,4.609058734947018,290
2025-11-05,0.0.8,2025-02-26T10:14:11.54+00:00,2809,5,4,0,51,4.609058734947018,290
2025-11-05,0.0.8,2025-02-26T10:14:11.54+00:00,2809,5,4,0,51,4.609058734947018,290
2025-11-06,0.0.8,2025-02-26T10:14:11.54+00:00,2828,5,5,0,51,4.6351289056790455,292
2025-11-06,0.0.8,2025-02-26T10:14:11.54+00:00,2828,5,5,0,51,4.6351289056790455,292
2025-11-06,0.0.8,2025-02-26T10:14:11.54+00:00,2828,5,5,0,51,4.6351289056790455,292
2025-11-06,0.0.8,2025-02-26T10:14:11.54+00:00,2828,5,5,0,51,4.6351289056790455,292
2025-11-07,0.0.8,2025-02-26T10:14:11.54+00:00,2840,5,5,0,52,4.6351507468792,293
2025-11-07,0.0.8,2025-02-26T10:14:11.54+00:00,2840,5,5,0,52,4.6351507468792,293
2025-11-07,0.0.8,2025-02-26T10:14:11.54+00:00,2840,5,5,0,52,4.6351507468792,293
2025-11-07,0.0.8,2025-02-26T10:14:11.54+00:00,2840,5,5,0,52,4.6351507468792,293
2025-11-08,0.0.8,2025-02-26T10:14:11.54+00:00,2859,5,5,0,52,4.635104559170806,294
2025-11-08,0.0.8,2025-02-26T10:14:11.54+00:00,2859,5,5,0,52,4.635104559170806,294
2025-11-08,0.0.8,2025-02-26T10:14:11.54+00:00,2859,5,5,0,52,4.635104559170806,294
2025-11-08,0.0.8,2025-02-26T10:14:11.54+00:00,2859,5,5,0,52,4.635104559170806,294
2025-11-09,0.0.8,2025-02-26T10:14:11.54+00:00,2867,5,5,0,53,4.635076700518674,296
2025-11-09,0.0.8,2025-02-26T10:14:11.54+00:00,2867,5,5,0,53,4.635076700518674,296
2025-11-09,0.0.8,2025-02-26T10:14:11.54+00:00,2867,5,5,0,53,4.635076700518674,296
2025-11-09,0.0.8,2025-02-26T10:14:11.54+00:00,2867,5,5,0,53,4.635076700518674,296
2025-11-10,0.0.8,2025-02-26T10:14:11.54+00:00,2869,5,5,0,53,4.635120812000359,297
2025-11-10,0.0.8,2025-02-26T10:14:11.54+00:00,2869,5,5,0,53,4.635120812000359,297
2025-11-10,0.0.8,2025-02-26T10:14:11.54+00:00,2869,5,5,0,53,4.635120812000359,297
2025-11-10,0.0.8,2025-02-26T10:14:11.54+00:00,2869,5,5,0,53,4.635120812000359,297
2025-11-11,0.0.8,2025-02-26T10:14:11.54+00:00,2883,5,5,0,54,4.635124154309597,298
2025-11-11,0.0.8,2025-02-26T10:14:11.54+00:00,2883,5,5,0,54,4.635124154309597,298
2025-11-11,0.0.8,2025-02-26T10:14:11.54+00:00,2883,5,5,0,54,4.635124154309597,298
2025-11-11,0.0.8,2025-02-26T10:14:11.54+00:00,2883,5,5,0,54,4.635124154309597,298
2025-11-12,0.0.8,2025-02-26T10:14:11.54+00:00,2907,5,5,0.06903693476009665,54,4.635163484039748,299
2025-11-12,0.0.8,2025-02-26T10:14:11.54+00:00,2907,5,5,0.06903693476009665,54,4.635163484039748,299
2025-11-12,0.0.8,2025-02-26T10:14:11.54+00:00,2907,5,5,0.06903693476009665,54,4.635163484039748,299
2025-11-12,0.0.8,2025-02-26T10:14:11.54+00:00,2907,5,5,0.06903693476009665,54,4.635163484039748,299
2025-11-13,0.0.8,2025-02-26T10:14:11.54+00:00,2929,5,5,0.034234851078397806,54,4.635137772095684,300
2025-11-13,0.0.8,2025-02-26T10:14:11.54+00:00,2929,5,5,0.034234851078397806,54,4.635137772095684,300
2025-11-13,0.0.8,2025-02-26T10:14:11.54+00:00,2929,5,5,0.034234851078397806,54,4.635137772095684,300
2025-11-13,0.0.8,2025-02-26T10:14:11.54+00:00,2929,5,5,0.034234851078397806,54,4.635137772095684,300
2025-11-14,0.0.8,2025-02-26T10:14:11.54+00:00,2950,5,5,0,54,4.635155403996583,300
2025-11-14,0.0.8,2025-02-26T10:14:11.54+00:00,2950,5,5,0,54,4.635155403996583,300
2025-11-14,0.0.8,2025-02-26T10:14:11.54+00:00,2950,5,5,0,54,4.635155403996583,300
2025-11-14,0.0.8,2025-02-26T10:14:11.54+00:00,2950,5,5,0,54,4.635155403996583,300
2025-11-15,0.0.8,2025-02-26T10:14:11.54+00:00,2961,5,5,0,54,4.635215389925014,304
2025-11-15,0.0.8,2025-02-26T10:14:11.54+00:00,2961,5,5,0,54,4.635215389925014,304
2025-11-15,0.0.8,2025-02-26T10:14:11.54+00:00,2961,5,5,0,54,4.635215389925014,304
2025-11-15,0.0.8,2025-02-26T10:14:11.54+00:00,2961,5,5,0,54,4.635215389925014,304
2025-11-16,0.0.8,2025-02-26T10:14:11.54+00:00,2970,5,5,0,54,4.635136255379976,305
2025-11-16,0.0.8,2025-02-26T10:14:11.54+00:00,2970,5,5,0,54,4.635136255379976,305
2025-11-16,0.0.8,2025-02-26T10:14:11.54+00:00,2970,5,5,0,54,4.635136255379976,305
2025-11-16,0.0.8,2025-02-26T10:14:11.54+00:00,2970,5,5,0,54,4.635136255379976,305
2025-11-17,0.0.8,2025-02-26T10:14:11.54+00:00,2981,5,5,0,54,4.635117003666794,306
2025-11-17,0.0.8,2025-02-26T10:14:11.54+00:00,2981,5,5,0,54,4.635117003666794,306
2025-11-17,0.0.8,2025-02-26T10:14:11.54+00:00,2981,5,5,0,54,4.635117003666794,306
2025-11-17,0.0.8,2025-02-26T10:14:11.54+00:00,2981,5,5,0,54,4.635117003666794,306
2025-11-18,0.0.8,2025-02-26T10:14:11.54+00:00,2994,5,5,0,54,4.635156765953636,307
2025-11-18,0.0.8,2025-02-26T10:14:11.54+00:00,2994,5,5,0,54,4.635156765953636,307
2025-11-18,0.0.8,2025-02-26T10:14:11.54+00:00,2994,5,5,0,54,4.635156765953636,307
2025-11-18,0.0.8,2025-02-26T10:14:11.54+00:00,2994,5,5,0,54,4.635156765953636,307
2025-11-19,0.0.8,2025-02-26T10:14:11.54+00:00,3004,5,5,0,54,4.635076647644623,309
2025-11-19,0.0.8,2025-02-26T10:14:11.54+00:00,3004,5,5,0,54,4.635076647644623,309
2025-11-19,0.0.8,2025-02-26T10:14:11.54+00:00,3004,5,5,0,54,4.635076647644623,309
2025-11-19,0.0.8,2025-02-26T10:14:11.54+00:00,3004,5,5,0,54,4.635076647644623,309
2025-11-20,0.0.8,2025-02-26T10:14:11.54+00:00,3017,5,5,0.033178500331785,54,4.634938530090729,310
2025-11-20,0.0.8,2025-02-26T10:14:11.54+00:00,3017,5,5,0.033178500331785,54,4.634938530090729,310
2025-11-20,0.0.8,2025-02-26T10:14:11.54+00:00,3017,5,5,0.033178500331785,54,4.634938530090729,310
2025-11-20,0.0.8,2025-02-26T10:14:11.54+00:00,3017,5,5,0.033178500331785,54,4.634938530090729,310
2025-11-21,0.0.8,2025-02-26T10:14:11.54+00:00,3034,5,5,0.03302509907529723,54,4.634870377575343,311
2025-11-21,0.0.8,2025-02-26T10:14:11.54+00:00,3034,5,5,0.03302509907529723,54,4.634870377575343,311
2025-11-21,0.0.8,2025-02-26T10:14:11.54+00:00,3034,5,5,0.03302509907529723,54,4.634870377575343,311
2025-11-21,0.0.8,2025-02-26T10:14:11.54+00:00,3034,5,5,0.03302509907529723,54,4.634870377575343,311
2025-11-22,0.0.8,2025-02-26T10:14:11.54+00:00,3040,5,5,0,54,4.634769082229255,315
2025-11-22,0.0.8,2025-02-26T10:14:11.54+00:00,3040,5,5,0,54,4.634769082229255,315
2025-11-22,0.0.8,2025-02-26T10:14:11.54+00:00,3040,5,5,0,54,4.634769082229255,315
2025-11-22,0.0.8,2025-02-26T10:14:11.54+00:00,3040,5,5,0,54,4.634769082229255,315
2025-11-23,0.0.8,2025-02-26T10:14:11.54+00:00,3055,5,5,0.03273322422258593,54,4.634711888643118,317
2025-11-23,0.0.8,2025-02-26T10:14:11.54+00:00,3055,5,5,0.03273322422258593,54,4.634711888643118,317
2025-11-23,0.0.8,2025-02-26T10:14:11.54+00:00,3055,5,5,0.03273322422258593,54,4.634711888643118,317
2025-11-23,0.0.8,2025-02-26T10:14:11.54+00:00,3055,5,5,0.03273322422258593,54,4.634711888643118,317
2025-11-24,0.0.8,2025-02-26T10:14:11.54+00:00,3064,5,5,0.032658393207054215,54,4.634771304895535,319
2025-11-24,0.0.8,2025-02-26T10:14:11.54+00:00,3064,5,5,0.032658393207054215,54,4.634771304895535,319
2025-11-24,0.0.8,2025-02-26T10:14:11.54+00:00,3064,5,5,0.032658393207054215,54,4.634771304895535,319
2025-11-24,0.0.8,2025-02-26T10:14:11.54+00:00,3064,5,5,0.032658393207054215,54,4.634771304895535,319
2025-11-25,0.0.8,2025-02-26T10:14:11.54+00:00,3082,5,5,0,55,4.634753720646742,320
2025-11-25,0.0.8,2025-02-26T10:14:11.54+00:00,3082,5,5,0,55,4.634753720646742,320
2025-11-25,0.0.8,2025-02-26T10:14:11.54+00:00,3082,5,5,0,55,4.634753720646742,320
2025-11-25,0.0.8,2025-02-26T10:14:11.54+00:00,3082,5,5,0,55,4.634753720646742,320
2025-11-26,0.0.8,2025-02-26T10:14:11.54+00:00,3091,5,5,0,55,4.63485743728378,322
2025-11-26,0.0.8,2025-02-26T10:14:11.54+00:00,3091,5,5,0,55,4.63485743728378,322
2025-11-26,0.0.8,2025-02-26T10:14:11.54+00:00,3091,5,5,0,55,4.63485743728378,322
2025-11-26,0.0.8,2025-02-26T10:14:11.54+00:00,3091,5,5,0,55,4.63485743728378,322
2025-11-27,0.0.8,2025-02-26T10:14:11.54+00:00,3105,5,6,0,55,4.657649222538037,322
2025-11-27,0.0.8,2025-02-26T10:14:11.54+00:00,3105,5,6,0,55,4.657649222538037,322
2025-11-27,0.0.8,2025-02-26T10:14:11.54+00:00,3105,5,6,0,55,4.657649222538037,322
2025-11-27,0.0.8,2025-02-26T10:14:11.54+00:00,3105,5,6,0,55,4.657649222538037,322
2025-11-28,0.0.8,2025-02-26T10:14:11.54+00:00,3120,5,6,0.03209242618741977,55,4.65782372598162,323
2025-11-28,0.0.8,2025-02-26T10:14:11.54+00:00,3120,5,6,0.03209242618741977,55,4.65782372598162,323
2025-11-28,0.0.8,2025-02-26T10:14:11.54+00:00,3120,5,6,0.03209242618741977,55,4.65782372598162,323
2025-11-28,0.0.8,2025-02-26T10:14:11.54+00:00,3120,5,6,0.03209242618741977,55,4.65782372598162,323
2025-11-29,0.0.8,2025-02-26T10:14:11.54+00:00,3136,5,6,0,55,4.6578728045269004,323
2025-11-29,0.0.8,2025-02-26T10:14:11.54+00:00,3136,5,6,0,55,4.6578728045269004,323
2025-11-29,0.0.8,2025-02-26T10:14:11.54+00:00,3136,5,6,0,55,4.6578728045269004,323
2025-11-29,0.0.8,2025-02-26T10:14:11.54+00:00,3136,5,6,0,55,4.6578728045269004,323
2025-11-30,0.0.8,2025-02-26T10:14:11.54+00:00,3146,5,6,0,55,4.6578193869373585,324
2025-11-30,0.0.8,2025-02-26T10:14:11.54+00:00,3146,5,6,0,55,4.6578193869373585,324
2025-11-30,0.0.8,2025-02-26T10:14:11.54+00:00,3146,5,6,0,55,4.6578193869373585,324
2025-11-30,0.0.8,2025-02-26T10:14:11.54+00:00,3146,5,6,0,55,4.6578193869373585,324
2025-12-01,0.0.8,2025-02-26T10:14:11.54+00:00,3163,5,6,0,55,4.657831486179731,324
2025-12-01,0.0.8,2025-02-26T10:14:11.54+00:00,3163,5,6,0,55,4.657831486179731,324
2025-12-01,0.0.8,2025-02-26T10:14:11.54+00:00,3163,5,6,0,55,4.657831486179731,324
2025-12-01,0.0.8,2025-02-26T10:14:11.54+00:00,3163,5,6,0,55,4.657831486179731,324
2025-12-02,0.0.8,2025-02-26T10:14:11.54+00:00,3174,5,6,0,55,4.6578183395621995,325
2025-12-02,0.0.8,2025-02-26T10:14:11.54+00:00,3174,5,6,0,55,4.6578183395621995,325
2025-12-02,0.0.8,2025-02-26T10:14:11.54+00:00,3174,5,6,0,55,4.6578183395621995,325
2025-12-02,0.0.8,2025-02-26T10:14:11.54+00:00,3174,5,6,0,55,4.6578183395621995,325
2025-12-03,0.0.8,2025-02-26T10:14:11.54+00:00,3184,5,6,0,56,4.657839534170191,326
2025-12-03,0.0.8,2025-02-26T10:14:11.54+00:00,3184,5,6,0,56,4.657839534170191,326
2025-12-03,0.0.8,2025-02-26T10:14:11.54+00:00,3184,5,6,0,56,4.657839534170191,326
2025-12-03,0.0.8,2025-02-26T10:14:11.54+00:00,3184,5,6,0,56,4.657839534170191,326
2025-12-04,0.0.8,2025-02-26T10:14:11.54+00:00,3193,5,6,0,57,4.657772621809745,327
2025-12-04,0.0.8,2025-02-26T10:14:11.54+00:00,3193,5,6,0,57,4.657772621809745,327
2025-12-04,0.0.8,2025-02-26T10:14:11.54+00:00,3193,5,6,0,57,4.657772621809745,327
2025-12-04,0.0.8,2025-02-26T10:14:11.54+00:00,3193,5,6,0,57,4.657772621809745,327
2025-12-05,0.0.8,2025-02-26T10:14:11.54+00:00,3205,5,6,0,58,4.657930156784094,329
2025-12-05,0.0.8,2025-02-26T10:14:11.54+00:00,3205,5,6,0,58,4.657930156784094,329
2025-12-05,0.0.8,2025-02-26T10:14:11.54+00:00,3205,5,6,0,58,4.657930156784094,329
2025-12-05,0.0.8,2025-02-26T10:14:11.54+00:00,3205,5,6,0,58,4.657930156784094,329
2025-12-06,0.0.8,2025-02-26T10:14:11.54+00:00,3216,5,6,0,58,4.658121649965043,330
2025-12-06,0.0.8,2025-02-26T10:14:11.54+00:00,3216,5,6,0,58,4.658121649965043,330
2025-12-06,0.0.8,2025-02-26T10:14:11.54+00:00,3216,5,6,0,58,4.658121649965043,330
2025-12-06,0.0.8,2025-02-26T10:14:11.54+00:00,3216,5,6,0,58,4.658121649965043,330
2025-12-07,0.0.8,2025-02-26T10:14:11.54+00:00,3222,5,6,0,58,4.6581602260323205,330
2025-12-07,0.0.8,2025-02-26T10:14:11.54+00:00,3222,5,6,0,58,4.6581602260323205,330
2025-12-07,0.0.8,2025-02-26T10:14:11.54+00:00,3222,5,6,0,58,4.6581602260323205,330
2025-12-07,0.0.8,2025-02-26T10:14:11.54+00:00,3222,5,6,0,58,4.6581602260323205,330
2025-12-08,0.0.8,2025-02-26T10:14:11.54+00:00,3236,5,6,0,59,4.658136007079127,332
2025-12-08,0.0.8,2025-02-26T10:14:11.54+00:00,3236,5,6,0,59,4.658136007079127,332
2025-12-08,0.0.8,2025-02-26T10:14:11.54+00:00,3236,5,6,0,59,4.658136007079127,332
2025-12-08,0.0.8,2025-02-26T10:14:11.54+00:00,3236,5,6,0,59,4.658136007079127,332
2025-12-09,0.0.8,2025-02-26T10:14:11.54+00:00,3247,5,6,0,59,4.658223839509539,333
2025-12-09,0.0.8,2025-02-26T10:14:11.54+00:00,3247,5,6,0,59,4.658223839509539,333
2025-12-09,0.0.8,2025-02-26T10:14:11.54+00:00,3247,5,6,0,59,4.658223839509539,333
2025-12-09,0.0.8,2025-02-26T10:14:11.54+00:00,3247,5,6,0,59,4.658223839509539,333
2025-12-10,0.0.8,2025-02-26T10:14:11.54+00:00,3268,5,6,0,59,4.658008679586358,333
2025-12-10,0.0.8,2025-02-26T10:14:11.54+00:00,3268,5,6,0,59,4.658008679586358,333
2025-12-10,0.0.8,2025-02-26T10:14:11.54+00:00,3268,5,6,0,59,4.658008679586358,333
2025-12-10,0.0.8,2025-02-26T10:14:11.54+00:00,3268,5,6,0,59,4.658008679586358,333
2025-12-11,0.0.8,2025-02-26T10:14:11.54+00:00,3289,5,6,0.030478512648582746,59,4.657425701477669,334
2025-12-11,0.0.8,2025-02-26T10:14:11.54+00:00,3289,5,6,0.030478512648582746,59,4.657425701477669,334
2025-12-11,0.0.8,2025-02-26T10:14:11.54+00:00,3289,5,6,0.030478512648582746,59,4.657425701477669,334
2025-12-11,0.0.8,2025-02-26T10:14:11.54+00:00,3289,5,6,0.030478512648582746,59,4.657425701477669,334
2025-12-12,0.0.8,2025-02-26T10:14:11.54+00:00,3301,5,6,0.030330603579011222,59,4.657258465970185,335
2025-12-12,0.0.8,2025-02-26T10:14:11.54+00:00,3301,5,6,0.030330603579011222,59,4.657258465970185,335
2025-12-12,0.0.8,2025-02-26T10:14:11.54+00:00,3301,5,6,0.030330603579011222,59,4.657258465970185,335
2025-12-12,0.0.8,2025-02-26T10:14:11.54+00:00,3301,5,6,0.030330603579011222,59,4.657258465970185,335
2025-12-13,0.0.8,2025-02-26T10:14:11.54+00:00,3311,5,6,0,59,4.657012801804193,336
2025-12-13,0.0.8,2025-02-26T10:14:11.54+00:00,3311,5,6,0,59,4.657012801804193,336
2025-12-13,0.0.8,2025-02-26T10:14:11.54+00:00,3311,5,6,0,59,4.657012801804193,336
2025-12-13,0.0.8,2025-02-26T10:14:11.54+00:00,3311,5,6,0,59,4.657012801804193,336
2025-12-14,0.0.8,2025-02-26T10:14:11.54+00:00,3326,5,7,0.03009328919650918,59,4.677156269891789,337
2025-12-14,0.0.8,2025-02-26T10:14:11.54+00:00,3326,5,7,0.03009328919650918,59,4.677156269891789,337
2025-12-14,0.0.8,2025-02-26T10:14:11.54+00:00,3326,5,7,0.03009328919650918,59,4.677156269891789,337
2025-12-14,0.0.8,2025-02-26T10:14:11.54+00:00,3326,5,7,0.03009328919650918,59,4.677156269891789,337
2025-12-15,0.0.8,2025-02-26T10:14:11.54+00:00,3337,5,7,0,59,4.677165646013799,338
2025-12-15,0.0.8,2025-02-26T10:14:11.54+00:00,3337,5,7,0,59,4.677165646013799,338
2025-12-15,0.0.8,2025-02-26T10:14:11.54+00:00,3337,5,7,0,59,4.677165646013799,338
2025-12-15,0.0.8,2025-02-26T10:14:11.54+00:00,3337,5,7,0,59,4.677165646013799,338
2025-12-16,0.0.8,2025-02-26T10:14:11.54+00:00,3347,5,7,0.029904306220095694,59,4.677108428099876,339
2025-12-16,0.0.8,2025-02-26T10:14:11.54+00:00,3347,5,7,0.029904306220095694,59,4.677108428099876,339
2025-12-16,0.0.8,2025-02-26T10:14:11.54+00:00,3347,5,7,0.029904306220095694,59,4.677108428099876,339
2025-12-16,0.0.8,2025-02-26T10:14:11.54+00:00,3347,5,7,0.029904306220095694,59,4.677108428099876,339
2025-12-17,0.0.8,2025-02-26T10:14:11.54+00:00,3357,5,7,0,59,4.6771524629876975,341
2025-12-17,0.0.8,2025-02-26T10:14:11.54+00:00,3357,5,7,0,59,4.6771524629876975,341
2025-12-17,0.0.8,2025-02-26T10:14:11.54+00:00,3357,5,7,0,59,4.6771524629876975,341
2025-12-17,0.0.8,2025-02-26T10:14:11.54+00:00,3357,5,7,0,59,4.6771524629876975,341
2025-12-18,0.0.8,2025-02-26T10:14:11.54+00:00,3369,5,7,0,59,4.677046067970464,343
2025-12-18,0.0.8,2025-02-26T10:14:11.54+00:00,3369,5,7,0,59,4.677046067970464,343
2025-12-18,0.0.8,2025-02-26T10:14:11.54+00:00,3369,5,7,0,59,4.677046067970464,343
2025-12-18,0.0.8,2025-02-26T10:14:11.54+00:00,3369,5,7,0,59,4.677046067970464,343
2025-12-19,0.0.8,2025-02-26T10:14:11.54+00:00,3388,5,7,0.02957704821058858,59,4.677061862590097,344
2025-12-19,0.0.8,2025-02-26T10:14:11.54+00:00,3388,5,7,0.02957704821058858,59,4.677061862590097,344
2025-12-19,0.0.8,2025-02-26T10:14:11.54+00:00,3388,5,7,0.02957704821058858,59,4.677061862590097,344
2025-12-19,0.0.8,2025-02-26T10:14:11.54+00:00,3388,5,7,0.02957704821058858,59,4.677061862590097,344
2025-12-20,0.0.8,2025-02-26T10:14:11.54+00:00,3394,5,7,0,59,4.677107923849578,345
2025-12-20,0.0.8,2025-02-26T10:14:11.54+00:00,3394,5,7,0,59,4.677107923849578,345
2025-12-20,0.0.8,2025-02-26T10:14:11.54+00:00,3394,5,7,0,59,4.677107923849578,345
2025-12-20,0.0.8,2025-02-26T10:14:11.54+00:00,3394,5,7,0,59,4.677107923849578,345
2025-12-21,0.0.8,2025-02-26T10:14:11.54+00:00,3402,5,7,0,59,4.677082669014402,347
2025-12-21,0.0.8,2025-02-26T10:14:11.54+00:00,3402,5,7,0,59,4.677082669014402,347
2025-12-21,0.0.8,2025-02-26T10:14:11.54+00:00,3402,5,7,0,59,4.677082669014402,347
2025-12-21,0.0.8,2025-02-26T10:14:11.54+00:00,3402,5,7,0,59,4.677082669014402,347
2025-12-22,0.0.8,2025-02-26T10:14:11.54+00:00,3410,5,7,0,60,4.67707572378138,348
2025-12-22,0.0.8,2025-02-26T10:14:11.54+00:00,3410,5,7,0,60,4.67707572378138,348
2025-12-22,0.0.8,2025-02-26T10:14:11.54+00:00,3410,5,7,0,60,4.67707572378138,348
2025-12-22,0.0.8,2025-02-26T10:14:11.54+00:00,3410,5,7,0,60,4.67707572378138,348
2025-12-23,0.0.8,2025-02-26T10:14:11.54+00:00,3426,5,7,0,61,4.677071978330526,350
2025-12-23,0.0.8,2025-02-26T10:14:11.54+00:00,3426,5,7,0,61,4.677071978330526,350
2025-12-23,0.0.8,2025-02-26T10:14:11.54+00:00,3426,5,7,0,61,4.677071978330526,350
2025-12-23,0.0.8,2025-02-26T10:14:11.54+00:00,3426,5,7,0,61,4.677071978330526,350
2025-12-24,0.0.8,2025-02-26T10:14:11.54+00:00,3431,5,7,0,61,4.67716146665895,352
2025-12-24,0.0.8,2025-02-26T10:14:11.54+00:00,3431,5,7,0,61,4.67716146665895,352
2025-12-24,0.0.8,2025-02-26T10:14:11.54+00:00,3431,5,7,0,61,4.67716146665895,352
2025-12-24,0.0.8,2025-02-26T10:14:11.54+00:00,3431,5,7,0,61,4.67716146665895,352
2025-12-25,0.0.8,2025-02-26T10:14:11.54+00:00,3447,5,7,0.029036004645760744,61,4.67721579448928,353
2025-12-25,0.0.8,2025-02-26T10:14:11.54+00:00,3447,5,7,0.029036004645760744,61,4.67721579448928,353
2025-12-25,0.0.8,2025-02-26T10:14:11.54+00:00,3447,5,7,0.029036004645760744,61,4.67721579448928,353
2025-12-25,0.0.8,2025-02-26T10:14:11.54+00:00,3447,5,7,0.029036004645760744,61,4.67721579448928,353
2025-12-26,0.0.8,2025-02-26T10:14:11.54+00:00,3460,5,7,0,61,4.6772619439983325,356
2025-12-26,0.0.8,2025-02-26T10:14:11.54+00:00,3460,5,7,0,61,4.6772619439983325,356
2025-12-26,0.0.8,2025-02-26T10:14:11.54+00:00,3460,5,7,0,61,4.6772619439983325,356
2025-12-26,0.0.8,2025-02-26T10:14:11.54+00:00,3460,5,7,0,61,4.6772619439983325,356
2025-12-27,0.0.8,2025-02-26T10:14:11.54+00:00,3465,5,7,0,61,4.6772235418316175,357
2025-12-27,0.0.8,2025-02-26T10:14:11.54+00:00,3465,5,7,0,61,4.6772235418316175,357
2025-12-27,0.0.8,2025-02-26T10:14:11.54+00:00,3465,5,7,0,61,4.6772235418316175,357
2025-12-27,0.0.8,2025-02-26T10:14:11.54+00:00,3465,5,7,0,61,4.6772235418316175,357
2025-12-28,0.0.8,2025-02-26T10:14:11.54+00:00,3473,5,7,0,61,4.677146876850287,358
2025-12-28,0.0.8,2025-02-26T10:14:11.54+00:00,3473,5,7,0,61,4.677146876850287,358
2025-12-28,0.0.8,2025-02-26T10:14:11.54+00:00,3473,5,7,0,61,4.677146876850287,358
2025-12-28,0.0.8,2025-02-26T10:14:11.54+00:00,3473,5,7,0,61,4.677146876850287,358
2025-12-29,0.0.8,2025-02-26T10:14:11.54+00:00,3480,5,7,0,61,4.677173994412314,358
2025-12-29,0.0.8,2025-02-26T10:14:11.54+00:00,3480,5,7,0,61,4.677173994412314,358
2025-12-29,0.0.8,2025-02-26T10:14:11.54+00:00,3480,5,7,0,61,4.677173994412314,358
2025-12-29,0.0.8,2025-02-26T10:14:11.54+00:00,3480,5,7,0,61,4.677173994412314,358
2025-12-30,0.0.8,2025-02-26T10:14:11.54+00:00,3489,5,7,0.02870264064293915,62,4.677070859986227,358
2025-12-30,0.0.8,2025-02-26T10:14:11.54+00:00,3489,5,7,0.02870264064293915,62,4.677070859986227,358
2025-12-30,0.0.8,2025-02-26T10:14:11.54+00:00,3489,5,7,0.02870264064293915,62,4.677070859986227,358
2025-12-30,0.0.8,2025-02-26T10:14:11.54+00:00,3489,5,7,0.02870264064293915,62,4.677070859986227,358
2025-12-31,0.0.8,2025-02-26T10:14:11.54+00:00,3499,5,7,0,62,4.677047745520538,359
2025-12-31,0.0.8,2025-02-26T10:14:11.54+00:00,3499,5,7,0,62,4.677047745520538,359
2025-12-31,0.0.8,2025-02-26T10:14:11.54+00:00,3499,5,7,0,62,4.677047745520538,359
2025-12-31,0.0.8,2025-02-26T10:14:11.54+00:00,3499,5,7,0,62,4.677047745520538,359
2026-01-01,0.0.8,2025-02-26T10:14:11.54+00:00,3508,5,7,0,62,4.677098497473832,362
2026-01-01,0.0.8,2025-02-26T10:14:11.54+00:00,3508,5,7,0,62,4.677098497473832,362
2026-01-01,0.0.8,2025-02-26T10:14:11.54+00:00,3508,5,7,0,62,4.677098497473832,362
2026-01-01,0.0.8,2025-02-26T10:14:11.54+00:00,3508,5,7,0,62,4.677098497473832,362
2026-01-02,0.0.8,2025-02-26T10:14:11.54+00:00,3514,5,8,0,62,4.67544398237186,362
2026-01-02,0.0.8,2025-02-26T10:14:11.54+00:00,3514,5,8,0,62,4.67544398237186,362
2026-01-02,0.0.8,2025-02-26T10:14:11.54+00:00,3514,5,8,0,62,4.67544398237186,362
2026-01-02,0.0.8,2025-02-26T10:14:11.54+00:00,3514,5,8,0,62,4.67544398237186,362
2026-01-03,0.0.8,2025-02-26T10:14:11.54+00:00,3526,5,8,0,62,4.695027693829371,363
2026-01-03,0.0.8,2025-02-26T10:14:11.54+00:00,3526,5,8,0,62,4.695027693829371,363
2026-01-03,0.0.8,2025-02-26T10:14:11.54+00:00,3526,5,8,0,62,4.695027693829371,363
2026-01-03,0.0.8,2025-02-26T10:14:11.54+00:00,3526,5,8,0,62,4.695027693829371,363
2026-01-04,0.0.8,2025-02-26T10:14:11.54+00:00,3533,5,8,0,62,4.695075628789757,363
2026-01-04,0.0.8,2025-02-26T10:14:11.54+00:00,3533,5,8,0,62,4.695075628789757,363
2026-01-04,0.0.8,2025-02-26T10:14:11.54+00:00,3533,5,8,0,62,4.695075628789757,363
2026-01-04,0.0.8,2025-02-26T10:14:11.54+00:00,3533,5,8,0,62,4.695075628789757,363
2026-01-05,0.0.8,2025-02-26T10:14:11.54+00:00,3545,5,8,0,62,4.69510140382809,363
2026-01-05,0.0.8,2025-02-26T10:14:11.54+00:00,3545,5,8,0,62,4.69510140382809,363
2026-01-05,0.0.8,2025-02-26T10:14:11.54+00:00,3545,5,8,0,62,4.69510140382809,363
2026-01-05,0.0.8,2025-02-26T10:14:11.54+00:00,3545,5,8,0,62,4.69510140382809,363
2026-01-06,0.0.8,2025-02-26T10:14:11.54+00:00,3557,5,8,0,62,4.695173049679589,363
2026-01-06,0.0.8,2025-02-26T10:14:11.54+00:00,3557,5,8,0,62,4.695173049679589,363
2026-01-06,0.0.8,2025-02-26T10:14:11.54+00:00,3557,5,8,0,62,4.695173049679589,363
2026-01-06,0.0.8,2025-02-26T10:14:11.54+00:00,3557,5,8,0,62,4.695173049679589,363
2026-01-07,0.0.8,2025-02-26T10:14:11.54+00:00,3569,5,8,0,62,4.6952181285242975,365
2026-01-07,0.0.8,2025-02-26T10:14:11.54+00:00,3569,5,8,0,62,4.6952181285242975,365
2026-01-07,0.0.8,2025-02-26T10:14:11.54+00:00,3569,5,8,0,62,4.6952181285242975,365
2026-01-07,0.0.8,2025-02-26T10:14:11.54+00:00,3569,5,8,0,62,4.6952181285242975,365
2026-01-08,0.0.8,2025-02-26T10:14:11.54+00:00,3580,5,8,0.02795638803466592,62,4.695265285449786,367
2026-01-08,0.0.8,2025-02-26T10:14:11.54+00:00,3580,5,8,0.02795638803466592,62,4.695265285449786,367
2026-01-08,0.0.8,2025-02-26T10:14:11.54+00:00,3580,5,8,0.02795638803466592,62,4.695265285449786,367
2026-01-08,0.0.8,2025-02-26T10:14:11.54+00:00,3580,5,8,0.02795638803466592,62,4.695265285449786,367
2026-01-09,0.0.8,2025-02-26T10:14:11.54+00:00,3588,5,8,0,62,4.695989443567411,368
2026-01-09,0.0.8,2025-02-26T10:14:11.54+00:00,3588,5,8,0,62,4.695989443567411,368
2026-01-09,0.0.8,2025-02-26T10:14:11.54+00:00,3588,5,8,0,62,4.695989443567411,368
2026-01-09,0.0.8,2025-02-26T10:14:11.54+00:00,3588,5,8,0,62,4.695989443567411,368
2026-01-10,0.0.8,2025-02-26T10:14:11.54+00:00,3597,5,8,0.027816411682892908,62,4.695964621337756,369
2026-01-10,0.0.8,2025-02-26T10:14:11.54+00:00,3597,5,8,0.027816411682892908,62,4.695964621337756,369
2026-01-10,0.0.8,2025-02-26T10:14:11.54+00:00,3597,5,8,0.027816411682892908,62,4.695964621337756,369
2026-01-10,0.0.8,2025-02-26T10:14:11.54+00:00,3597,5,8,0.027816411682892908,62,4.695964621337756,369
2026-01-11,0.0.8,2025-02-26T10:14:11.54+00:00,3608,5,8,0,62,4.695918334700336,370
2026-01-11,0.0.8,2025-02-26T10:14:11.54+00:00,3608,5,8,0,62,4.695918334700336,370
2026-01-11,0.0.8,2025-02-26T10:14:11.54+00:00,3608,5,8,0,62,4.695918334700336,370
2026-01-11,0.0.8,2025-02-26T10:14:11.54+00:00,3608,5,8,0,62,4.695918334700336,370
2026-01-12,0.0.8,2025-02-26T10:14:11.54+00:00,3622,5,8,0,62,4.695931111692692,372
2026-01-12,0.0.8,2025-02-26T10:14:11.54+00:00,3622,5,8,0,62,4.695931111692692,372
2026-01-12,0.0.8,2025-02-26T10:14:11.54+00:00,3622,5,8,0,62,4.695931111692692,372
2026-01-12,0.0.8,2025-02-26T10:14:11.54+00:00,3622,5,8,0,62,4.695931111692692,372
2026-01-13,0.0.8,2025-02-26T10:14:11.54+00:00,3636,5,8,0,62,4.696660742000793,374
2026-01-13,0.0.8,2025-02-26T10:14:11.54+00:00,3636,5,8,0,62,4.696660742000793,374
2026-01-13,0.0.8,2025-02-26T10:14:11.54+00:00,3636,5,8,0,62,4.696660742000793,374
2026-01-13,0.0.8,2025-02-26T10:14:11.54+00:00,3636,5,8,0,62,4.696660742000793,374
2026-01-14,0.0.8,2025-02-26T10:14:11.54+00:00,3651,5,8,0.027442371020856202,62,4.696675095184119,375
2026-01-14,0.0.8,2025-02-26T10:14:11.54+00:00,3651,5,8,0.027442371020856202,62,4.696675095184119,375
2026-01-14,0.0.8,2025-02-26T10:14:11.54+00:00,3651,5,8,0.027442371020856202,62,4.696675095184119,375
2026-01-14,0.0.8,2025-02-26T10:14:11.54+00:00,3651,5,8,0.027442371020856202,62,4.696675095184119,375
2026-01-15,0.0.8,2025-02-26T10:14:11.54+00:00,3665,5,8,0,62,4.696643853674374,377
2026-01-15,0.0.8,2025-02-26T10:14:11.54+00:00,3665,5,8,0,62,4.696643853674374,377
2026-01-15,0.0.8,2025-02-26T10:14:11.54+00:00,3665,5,8,0,62,4.696643853674374,377
2026-01-15,0.0.8,2025-02-26T10:14:11.54+00:00,3665,5,8,0,62,4.696643853674374,377
2026-01-16,0.0.8,2025-02-26T10:14:11.54+00:00,3678,5,8,0,62,4.696657735873423,379
2026-01-16,0.0.8,2025-02-26T10:14:11.54+00:00,3678,5,8,0,62,4.696657735873423,379
2026-01-16,0.0.8,2025-02-26T10:14:11.54+00:00,3678,5,8,0,62,4.696657735873423,379
2026-01-16,0.0.8,2025-02-26T10:14:11.54+00:00,3678,5,8,0,62,4.696657735873423,379
2026-01-17,0.0.8,2025-02-26T10:14:11.54+00:00,3684,5,8,0,62,4.696608159633776,380
2026-01-17,0.0.8,2025-02-26T10:14:11.54+00:00,3684,5,8,0,62,4.696608159633776,380
2026-01-17,0.0.8,2025-02-26T10:14:11.54+00:00,3684,5,8,0,62,4.696608159633776,380
2026-01-17,0.0.8,2025-02-26T10:14:11.54+00:00,3684,5,8,0,62,4.696608159633776,380
2026-01-18,0.0.8,2025-02-26T10:14:11.54+00:00,3693,5,8,0.02710761724044456,62,4.696654753561235,380
2026-01-18,0.0.8,2025-02-26T10:14:11.54+00:00,3693,5,8,0.02710761724044456,62,4.696654753561235,380
2026-01-18,0.0.8,2025-02-26T10:14:11.54+00:00,3693,5,8,0.02710761724044456,62,4.696654753561235,380
2026-01-18,0.0.8,2025-02-26T10:14:11.54+00:00,3693,5,8,0.02710761724044456,62,4.696654753561235,380
2026-01-19,0.0.8,2025-02-26T10:14:11.54+00:00,3708,5,8,0.02699784017278618,62,4.6966828769433295,382
2026-01-19,0.0.8,2025-02-26T10:14:11.54+00:00,3708,5,8,0.02699784017278618,62,4.6966828769433295,382
2026-01-19,0.0.8,2025-02-26T10:14:11.54+00:00,3708,5,8,0.02699784017278618,62,4.6966828769433295,382
2026-01-19,0.0.8,2025-02-26T10:14:11.54+00:00,3708,5,8,0.02699784017278618,62,4.6966828769433295,382
2026-01-20,0.0.8,2025-02-26T10:14:11.54+00:00,3720,5,8,0,62,4.6967907517971135,383
2026-01-20,0.0.8,2025-02-26T10:14:11.54+00:00,3720,5,8,0,62,4.6967907517971135,383
2026-01-20,0.0.8,2025-02-26T10:14:11.54+00:00,3720,5,8,0,62,4.6967907517971135,383
2026-01-20,0.0.8,2025-02-26T10:14:11.54+00:00,3720,5,8,0,62,4.6967907517971135,383
2026-01-21,0.0.8,2025-02-26T10:14:11.54+00:00,3736,5,8,0.026831231553528307,62,4.696768409441104,383
2026-01-21,0.0.8,2025-02-26T10:14:11.54+00:00,3736,5,8,0.026831231553528307,62,4.696768409441104,383
2026-01-21,0.0.8,2025-02-26T10:14:11.54+00:00,3736,5,8,0.026831231553528307,62,4.696768409441104,383
2026-01-21,0.0.8,2025-02-26T10:14:11.54+00:00,3736,5,8,0.026831231553528307,62,4.696768409441104,383
2026-01-22,0.0.8,2025-02-26T10:14:11.54+00:00,3748,5,8,0,62,4.69681920790989,384
2026-01-22,0.0.8,2025-02-26T10:14:11.54+00:00,3748,5,8,0,62,4.69681920790989,384
2026-01-22,0.0.8,2025-02-26T10:14:11.54+00:00,3748,5,8,0,62,4.69681920790989,384
2026-01-22,0.0.8,2025-02-26T10:14:11.54+00:00,3748,5,8,0,62,4.69681920790989,384
