date,version,lastUpdated,install,averagerating,ratingcount,trendingdaily,updateCount,weightedRating,downloadCount
2024-11-26,0.13.0,2017-10-26T03:39:03.857+00:00,495686,5,1,0.0004035699800434645,35760,4.457458844826611,444
2024-11-26,0.13.0,2017-10-26T03:39:03.857+00:00,495758,5,1,0.0004035699800434645,35761,4.457458844826611,444
2024-11-27,0.13.0,2017-10-26T03:39:03.857+00:00,495992,5,1,0.001814896671882814,35762,4.457458844826611,444
2024-11-28,0.13.0,2017-10-26T03:39:03.857+00:00,496298,5,1,0.001209187405910105,35762,4.457458844826611,444
2024-11-29,0.13.0,2017-10-26T03:39:03.857+00:00,496569,5,1,0.0010070939699241457,35762,4.457458844826611,445
2024-11-30,0.13.0,2017-10-26T03:39:03.857+00:00,496793,5,1,0.002415804191017637,35763,4.457458844826611,445
2024-12-01,0.13.0,2017-10-26T03:39:03.857+00:00,496961,5,1,0.0012074815557192363,35764,4.457458844826611,445
2024-12-02,0.13.0,2017-10-26T03:39:03.857+00:00,497166,5,1,0.001005906684048734,35765,4.457458844826611,445
2024-12-03,0.13.0,2017-10-26T03:39:03.857+00:00,497472,5,1,0.0012063647805823526,35766,4.457458844826611,445
2024-12-04,0.13.0,2017-10-26T03:39:03.857+00:00,497777,5,1,0.0012055963783884794,35768,4.457458844826611,445
2024-12-05,0.13.0,2017-10-26T03:39:03.857+00:00,498073,5,1,0.001004074534460842,35769,4.457458844826611,445
2024-12-06,0.13.0,2017-10-26T03:39:03.857+00:00,498331,5,1,0.0014048861941833698,35770,4.457458844826611,446
2024-12-07,0.13.0,2017-10-26T03:39:03.857+00:00,498553,5,1,0.0010029969549012448,35770,4.457458844826611,446
2024-12-08,0.13.0,2017-10-26T03:39:03.857+00:00,498719,5,1,0.0014037367472211025,35770,4.457458844826611,446
2024-12-09,0.13.0,2017-10-26T03:39:03.857+00:00,498894,5,1,0.0010023716112321753,35770,4.457458844826611,447
2024-12-10,0.13.0,2017-10-26T03:39:03.857+00:00,499187,5,1,0.0010018032458425166,35771,4.457458844826611,447
2024-12-11,0.13.0,2017-10-26T03:39:03.857+00:00,499512,5,1,0.0024029315765233586,35771,4.457458844826611,448
2024-12-12,0.13.0,2017-10-26T03:39:03.857+00:00,499786,5,1,0.0016009990233905955,35772,4.457458844826611,448
2024-12-13,0.13.0,2017-10-26T03:39:03.857+00:00,500068,5,1,0.0010000540029161576,35773,4.457458844826611,448
2024-12-14,0.13.0,2017-10-26T03:39:03.857+00:00,500284,5,1,0.000999536215196149,35774,4.457458844826611,448
2024-12-15,0.13.0,2017-10-26T03:39:03.857+00:00,500427,5,1,0.0009992146173107936,35775,4.457458844826611,448
2024-12-16,0.13.0,2017-10-26T03:39:03.857+00:00,500628,5,1,0.0015982674780537897,35776,4.457458844826611,448
2024-12-17,0.13.0,2017-10-26T03:39:03.857+00:00,500814,5,1,0.0015982674780537897,35777,4.457458844826611,449
2024-12-17,0.13.0,2017-10-26T03:39:03.857+00:00,500932,5,1,0.0005990116308091649,35777,4.457458844826611,449
2024-12-18,0.13.0,2017-10-26T03:39:03.857+00:00,501204,5,1,0.0005986530306809678,35778,4.457458844826611,450
2024-12-19,0.13.0,2017-10-26T03:39:03.857+00:00,501488,5,1,0.0021938528243860703,35778,4.457458844826611,450
2024-12-20,0.13.0,2017-10-26T03:39:03.857+00:00,501744,5,1,0.0007973337160535172,35778,4.457458844826611,450
2024-12-21,0.13.0,2017-10-26T03:39:03.857+00:00,501949,5,1,0.0005977333949662878,35778,4.457458844826611,451
2024-12-22,0.13.0,2017-10-26T03:39:03.857+00:00,502070,5,1,0.0005975583764737284,35779,4.457458844826611,451
2024-12-23,0.13.0,2017-10-26T03:39:03.857+00:00,502245,5,1,0.0005974334260018958,35779,4.457458844826611,452
2024-12-24,0.13.0,2017-10-26T03:39:03.857+00:00,502461,5,1,0.0007961894373528293,35780,4.457458844826611,452
2024-12-25,0.13.0,2017-10-26T03:39:03.857+00:00,502631,5,1,0.00019897963244482292,35781,4.457458844826611,452
2024-12-26,0.13.0,2017-10-26T03:39:03.857+00:00,502782,5,1,0.0005967690921351802,35781,4.457458844826611,452
2024-12-27,0.13.0,2017-10-26T03:39:03.857+00:00,502998,5,1,0.00039767281866517136,35782,4.457458844826611,452
2024-12-28,0.13.0,2017-10-26T03:39:03.857+00:00,503179,5,1,0.0007950278955412848,35783,4.457458844826611,452
2024-12-29,0.13.0,2017-10-26T03:39:03.857+00:00,503313,5,1,0.0007947972571546656,35785,4.457458844826611,452
2024-12-30,0.13.0,2017-10-26T03:39:03.857+00:00,503481,5,1,0.0003972936357532488,35787,4.457458844826611,452
2024-12-31,0.13.0,2017-10-26T03:39:03.857+00:00,503696,5,1,0.00039712166219242926,35788,4.457458844826611,452
2025-01-01,0.13.0,2017-10-26T03:39:03.857+00:00,503826,5,1,0.00019849540483137814,35788,4.457458844826611,452
2025-01-02,0.13.0,2017-10-26T03:39:03.857+00:00,503993,5,1,0.0005953503140472907,35788,4.457458844826611,452
2025-01-03,0.13.0,2017-10-26T03:39:03.857+00:00,504228,5,1,0.001190088939313398,35788,4.457458844826611,453
2025-01-04,0.13.0,2017-10-26T03:39:03.857+00:00,504426,5,1,0.0013878452512892092,35789,4.457458844826611,455
2025-01-05,0.13.0,2017-10-26T03:39:03.857+00:00,504566,5,1,0.0007928312201077854,35790,4.457458844826611,455
2025-01-06,0.13.0,2017-10-26T03:39:03.857+00:00,504777,5,1,0.0005944372561568839,35792,4.457458844826611,455
2025-01-07,0.13.0,2017-10-26T03:39:03.857+00:00,505074,5,1,0.001386193512614361,35793,4.457458844826611,455
2025-01-08,0.13.0,2017-10-26T03:39:03.857+00:00,505373,5,1,0.0009895562236159573,35793,4.457458844826611,456
2025-01-09,0.13.0,2017-10-26T03:39:03.857+00:00,505655,5,1,0.0013845895186573437,35793,4.457458844826611,456
2025-01-10,0.13.0,2017-10-26T03:39:03.857+00:00,505913,5,1,0.001186166921363064,35793,4.457458844826611,456
2025-01-11,0.13.0,2017-10-26T03:39:03.857+00:00,506144,5,1,0.0005927869681712917,35793,4.457458844826611,456
2025-01-12,0.13.0,2017-10-26T03:39:03.857+00:00,506269,5,1,0.0009876933409714952,35793,4.457458844826611,456
2025-01-13,0.13.0,2017-10-26T03:39:03.857+00:00,506473,5,1,0.0009874144158555057,35794,4.457458844826611,457
2025-01-14,0.13.0,2017-10-26T03:39:03.857+00:00,506757,5,1,0.002171094053768131,35794,4.457458844826611,457
2025-01-15,0.13.0,2017-10-26T03:39:03.857+00:00,507069,5,1,0.0009862497065907124,35794,4.457458844826611,458
2025-01-16,0.13.0,2017-10-26T03:39:03.857+00:00,507350,5,1,0.00019714300359194553,35794,4.457458844826611,459
2025-01-17,0.13.0,2017-10-26T03:39:03.857+00:00,507615,5,1,0.0013792396842723328,35794,4.457458844826611,459
2025-01-18,0.13.0,2017-10-26T03:39:03.857+00:00,507855,5,1,0.00039386515632508056,35795,4.457458844826611,459
2025-01-19,0.13.0,2017-10-26T03:39:03.857+00:00,507996,5,1,0.0001968697706467172,35795,4.457458844826611,459
2025-01-20,0.13.0,2017-10-26T03:39:03.857+00:00,508171,5,1,0.00039363647278102196,35795,4.457458844826611,459
2025-01-21,0.13.0,2017-10-26T03:39:03.857+00:00,508500,5,1,0.0013769254827599093,35795,4.457458844826611,459
2025-01-22,0.13.0,2017-10-26T03:39:03.857+00:00,508798,5,1,0.0011794655055484024,35796,4.457458844826611,459
2025-01-23,0.13.0,2017-10-26T03:39:03.857+00:00,509111,5,1,0.0013752239650457359,35798,4.457458844826611,477
2025-01-24,0.13.0,2017-10-26T03:39:03.857+00:00,509442,5,1,0.0011779788631325993,35798,4.457458844826611,477
2025-01-25,0.13.0,2017-10-26T03:39:03.857+00:00,509696,5,1,0.0009811270402536802,35798,4.457458844826611,478
2025-01-26,0.13.0,2017-10-26T03:39:03.857+00:00,509893,5,1,0.0015691197238349285,35798,4.457458844826611,478
2025-01-27,0.13.0,2017-10-26T03:39:03.857+00:00,510091,5,1,0.0005882318339303887,35798,4.457458844826611,478
2025-01-28,0.13.0,2017-10-26T03:39:03.857+00:00,510374,5,1,0.0007838557078413005,35799,4.457458844826611,479
2025-01-29,0.13.0,2017-10-26T03:39:03.857+00:00,510701,5,1,0.0013709388385014464,35801,4.457458844826611,480
2025-01-30,0.13.0,2017-10-26T03:39:03.857+00:00,511003,5,1,0.0007829198211811128,35802,4.457458844826611,480
2025-01-31,0.13.0,2017-10-26T03:39:03.857+00:00,511319,5,1,0.0009780563282200548,35804,4.457458844826611,480
2025-02-01,0.13.0,2017-10-26T03:39:03.857+00:00,511578,5,1,0.0017594310391004224,35805,4.457458844826611,482
2025-02-02,0.13.0,2017-10-26T03:39:03.857+00:00,511746,5,1,0.001368010443782588,35805,4.457458844826611,482
2025-02-03,0.13.0,2017-10-26T03:39:03.857+00:00,511954,5,1,0.0005861034863389046,35807,4.457458844826611,483
2025-02-04,0.13.0,2017-10-26T03:39:03.857+00:00,512294,5,1,0.0007809815375964512,35808,4.457458844826611,483
2025-02-05,0.13.0,2017-10-26T03:39:03.857+00:00,512655,5,1,0.0007804588707930829,35809,4.457458844826611,483
2025-02-06,0.13.0,2017-10-26T03:39:03.857+00:00,512978,5,1,0.0017548203941326604,35809,4.457458844826611,483
2025-02-07,0.13.0,2017-10-26T03:39:03.857+00:00,513274,5,1,0.0015589041683148831,35809,4.457458844826611,483
2025-02-08,0.13.0,2017-10-26T03:39:03.857+00:00,513563,5,1,0.0009737193156700649,35812,4.457458844826611,483
2025-02-09,0.13.0,2017-10-26T03:39:03.857+00:00,513744,5,1,0.0013626948653657474,35812,4.457458844826611,483
2025-02-10,0.13.0,2017-10-26T03:39:03.857+00:00,513982,5,1,0.0007784191086322788,35813,4.457458844826611,483
2025-02-11,0.13.0,2017-10-26T03:39:03.857+00:00,514348,5,1,0.0003889400993353014,35813,4.457458844826611,483
2025-02-12,0.13.0,2017-10-26T03:39:03.857+00:00,514725,5,1,0.00019432380175085748,35816,4.457458844826611,483
2025-02-13,0.13.0,2017-10-26T03:39:03.857+00:00,515075,5,1,0.0011651322522200625,35817,4.457458844826611,500
2025-02-14,0.13.0,2017-10-26T03:39:03.857+00:00,515391,5,1,0.0009703066751277408,35819,4.457458844826611,515
2025-02-15,0.13.0,2017-10-26T03:39:03.857+00:00,515619,5,1,0.001163785328158368,35819,4.457458844826611,533
2025-02-16,0.13.0,2017-10-26T03:39:03.857+00:00,515783,5,1,0.0015511992709363427,35819,4.457458844826611,534
2025-02-17,0.13.0,2017-10-26T03:39:03.857+00:00,515996,5,1,0.0009691706806485691,35820,4.457458844826611,534
2025-02-18,0.13.0,2017-10-26T03:39:03.857+00:00,516306,5,1,0.0009686168151879116,35822,4.457458844826611,534
2025-02-19,0.13.0,2017-10-26T03:39:03.857+00:00,516665,5,1,0.0009679998606080201,35823,4.457458844826611,534
2025-02-20,0.13.0,2017-10-26T03:39:03.857+00:00,516995,5,1,0.0005803942811816828,35826,4.457458844826611,534
2025-02-21,0.13.0,2017-10-26T03:39:03.857+00:00,517308,5,1,0.0015467186364128502,35826,4.457458844826611,534
2025-02-22,0.13.0,2017-10-26T03:39:03.857+00:00,517538,5,1,0.0009662022454540184,35828,4.457458844826611,534
2025-02-23,0.13.0,2017-10-26T03:39:03.857+00:00,517698,5,1,0.000386364426654509,35828,4.457458844826611,534
2025-02-24,0.13.0,2017-10-26T03:39:03.857+00:00,517903,5,1,0.0013518576455274756,35828,4.457458844826611,534
2025-02-25,0.13.0,2017-10-26T03:39:03.857+00:00,518227,5,1,0.0013511009542633025,35829,4.457458844826611,535
2025-02-26,0.13.0,2017-10-26T03:39:03.857+00:00,518591,5,1,0.0019287295843973492,35829,4.457458844826611,535
2025-02-27,0.13.0,2017-10-26T03:39:03.857+00:00,518909,5,1,0.0009637569559158293,35829,4.457458844826611,535
2025-02-28,0.13.0,2017-10-26T03:39:03.857+00:00,519204,5,1,0.001155802126675913,35829,4.457458844826611,535
2025-03-01,0.13.0,2017-10-26T03:39:03.857+00:00,519430,5,1,0.001732888686932479,35831,4.457458844826611,552
2025-03-02,0.13.0,2017-10-26T03:39:03.857+00:00,519555,5,1,0.0003849781524898462,35831,4.457458844826611,553
2025-03-03,0.13.0,2017-10-26T03:39:03.857+00:00,519772,5,1,0.0009621823835951752,35831,4.457458844826611,553
2025-03-04,0.13.0,2017-10-26T03:39:03.857+00:00,520064,5,1,0.0013462496369934015,35831,4.457458844826611,554
2025-03-05,0.13.0,2017-10-26T03:39:03.857+00:00,520315,5,1,0.0007689231999507889,35832,4.457458844826611,555
2025-03-06,0.13.0,2017-10-26T03:39:03.857+00:00,520621,5,1,0.0013448658784471794,35834,4.457458844826611,555
2025-03-07,0.13.0,2017-10-26T03:39:03.857+00:00,520949,5,1,0.0011519609254854075,35836,4.457458844826611,556
2025-03-08,0.13.0,2017-10-26T03:39:03.857+00:00,521182,5,1,0.000767573106541066,35836,4.457458844826611,556
2025-03-09,0.13.0,2017-10-26T03:39:03.857+00:00,521333,5,1,0.0007673257355296754,35836,4.457458844826611,556
2025-03-10,0.13.0,2017-10-26T03:39:03.857+00:00,521550,5,1,0.0015342070642564273,35837,4.457458844826611,556
2025-03-11,0.13.0,2017-10-26T03:39:03.857+00:00,521885,5,1,0.0021082288003219842,35839,4.457458844826611,558
2025-03-12,0.13.0,2017-10-26T03:39:03.857+00:00,522203,5,1,0.001149220541167953,35840,4.457458844826611,559
2025-03-13,0.13.0,2017-10-26T03:39:03.857+00:00,522510,5,1,0.0007656733331291537,35842,4.457458844826611,561
2025-03-14,0.13.0,2017-10-26T03:39:03.857+00:00,522802,5,1,0.001530447292351781,35844,4.457458844826611,563
2025-03-15,0.13.0,2017-10-26T03:39:03.857+00:00,523039,5,1,0.0007648359044566988,35844,4.457458844826611,563
2025-03-16,0.13.0,2017-10-26T03:39:03.857+00:00,523215,5,1,0.00038230026244913016,35844,4.457458844826611,564
2025-03-17,0.13.0,2017-10-26T03:39:03.857+00:00,523397,5,1,0.0005732673948436509,35844,4.457458844826611,565
2025-03-18,0.13.0,2017-10-26T03:39:03.857+00:00,523747,5,1,0.0017187905825554214,35844,4.457458844826611,565
2025-03-19,0.13.0,2017-10-26T03:39:03.857+00:00,524030,5,1,0.0011451911514897028,35846,4.457458844826611,569
2025-03-20,0.13.0,2017-10-26T03:39:03.857+00:00,524338,5,1,0.0013352357263300856,35847,4.457458844826611,570
2025-03-21,0.13.0,2017-10-26T03:39:03.857+00:00,524612,5,1,0.0015252069038490504,35848,4.457458844826611,573
2025-03-22,0.13.0,2017-10-26T03:39:03.857+00:00,524851,5,1,0.000762198026669309,35848,4.457458844826611,575
2025-03-23,0.13.0,2017-10-26T03:39:03.857+00:00,525021,5,1,0.0009524426343801313,35848,4.457458844826611,575
2025-03-24,0.13.0,2017-10-26T03:39:03.857+00:00,525243,5,1,0.0019043012452225842,35848,4.457458844826611,576
2025-03-25,0.13.0,2017-10-26T03:39:03.857+00:00,525559,5,1,0.0017128110655207328,35849,4.457458844826611,576
2025-03-26,0.13.0,2017-10-26T03:39:03.857+00:00,525894,5,1,0.0015215431490617785,35850,4.457458844826611,577
2025-03-27,0.13.0,2017-10-26T03:39:03.857+00:00,526204,5,1,0.0015206436884733308,35850,4.457458844826611,577
2025-03-28,0.13.0,2017-10-26T03:39:03.857+00:00,526491,5,1,0.001329774603204757,35850,4.457458844826611,578
2025-03-29,0.13.0,2017-10-26T03:39:03.857+00:00,526687,5,1,0.0018988339260859906,35852,4.457458844826611,580
2025-03-30,0.13.0,2017-10-26T03:39:03.857+00:00,526816,5,1,0.0007593288292478278,35852,4.457458844826611,581
2025-03-31,0.13.0,2017-10-26T03:39:03.857+00:00,526968,5,1,0.0017080877957126998,35852,4.457458844826611,583
2025-04-01,0.13.0,2017-10-26T03:39:03.857+00:00,527209,5,1,0.0020868034344990343,35853,4.457458844826611,586
2025-04-02,0.13.0,2017-10-26T03:39:03.857+00:00,527488,5,1,0.003223512680730031,35854,4.457458844826611,588
2025-04-03,0.13.0,2017-10-26T03:39:03.857+00:00,527773,5,1,0.0015160847112332403,35855,4.457458844826611,589
2025-04-04,0.13.0,2017-10-26T03:39:03.857+00:00,528042,5,1,0.000757658985267321,35856,4.457458844826611,589
2025-04-05,0.13.0,2017-10-26T03:39:03.857+00:00,528269,5,1,0.0009465950031142976,35858,4.457458844826611,590
2025-04-06,0.13.0,2017-10-26T03:39:03.857+00:00,528432,5,1,0.0009462707469861277,35860,4.457458844826611,590
2025-04-07,0.13.0,2017-10-26T03:39:03.857+00:00,528628,5,1,0.0015136321495468562,35860,4.457458844826611,590
2025-04-08,0.13.0,2017-10-26T03:39:03.857+00:00,528904,5,1,0.0018910347931491592,35861,4.457458844826611,590
2025-04-09,0.13.0,2017-10-26T03:39:03.857+00:00,529191,5,1,0.0009450295227222898,35861,4.457458844826611,590
2025-04-10,0.13.0,2017-10-26T03:39:03.857+00:00,529476,5,1,0.000377800445804526,35864,4.457458844826611,590
2025-04-11,0.13.0,2017-10-26T03:39:03.857+00:00,529736,5,1,0.0018880713539926102,35864,4.457458844826611,590
2025-04-12,0.13.0,2017-10-26T03:39:03.857+00:00,529948,5,1,0.001321033878857419,35865,4.457458844826611,590
2025-04-13,0.13.0,2017-10-26T03:39:03.857+00:00,530095,5,1,0.001320647570102803,35865,4.457458844826611,592
2025-04-14,0.13.0,2017-10-26T03:39:03.857+00:00,530265,5,1,0.00037722610555540885,35867,4.457458844826611,593
2025-04-15,0.13.0,2017-10-26T03:39:03.857+00:00,530529,5,1,0.001319651687363204,35867,4.457458844826611,593
2025-04-16,0.13.0,2017-10-26T03:39:03.857+00:00,530817,5,1,0.0015073748313624406,35868,4.457458844826611,593
2025-04-17,0.13.0,2017-10-26T03:39:03.857+00:00,531097,5,1,0.0018832498112042063,35868,4.457458844826611,595
2025-04-18,0.13.0,2017-10-26T03:39:03.857+00:00,531313,5,1,0.0015058993607457213,35868,4.457458844826611,596
2025-04-19,0.13.0,2017-10-26T03:39:03.857+00:00,531468,5,1,0.0009408771609596195,35869,4.457458844826611,596
2025-04-20,0.13.0,2017-10-26T03:39:03.857+00:00,531584,5,1,0.0005643861078240846,35870,4.457458844826611,597
2025-04-21,0.13.0,2017-10-26T03:39:03.857+00:00,531730,5,1,0.0009404595085158609,35870,4.457458844826611,597
2025-04-22,0.13.0,2017-10-26T03:39:03.857+00:00,531936,5,1,0.0005640666952460459,35871,4.457458844826611,597
2025-04-23,0.13.0,2017-10-26T03:39:03.857+00:00,532231,5,1,0.0011275440211978276,35874,4.457458844826611,597
2025-04-24,0.13.0,2017-10-26T03:39:03.857+00:00,532495,5,1,0.0005634945679123654,35876,4.457458844826611,597
2025-04-25,0.13.0,2017-10-26T03:39:03.857+00:00,532744,5,1,0.0020651227058364123,35878,4.457458844826611,599
2025-04-26,0.13.0,2017-10-26T03:39:03.857+00:00,532948,5,1,0.0011259211442361282,35878,4.457458844826611,600
2025-04-27,0.13.0,2017-10-26T03:39:03.857+00:00,533100,5,1,0.0016883969608854704,35878,4.457458844826611,602
2025-04-28,0.13.0,2017-10-26T03:39:03.857+00:00,533251,5,1,0.0003751134718252271,35878,4.457458844826611,602
2025-04-29,0.13.0,2017-10-26T03:39:03.857+00:00,533519,5,1,0.000374933449312747,35878,4.457458844826611,602
2025-04-30,0.13.0,2017-10-26T03:39:03.857+00:00,533782,5,1,0.0007494973683273655,35878,4.457458844826611,603
2025-05-01,0.13.0,2017-10-26T03:39:03.857+00:00,533960,5,1,0.00018729573059382112,35878,4.457458844826611,605
2025-05-02,0.13.0,2017-10-26T03:39:03.857+00:00,534137,5,1,0.0005617272739188155,35880,4.457458844826611,608
2025-05-03,0.13.0,2017-10-26T03:39:03.857+00:00,534295,5,1,0.0007487005366311096,35882,4.457458844826611,609
2025-05-04,0.13.0,2017-10-26T03:39:03.857+00:00,534444,5,1,0.0003742585003461891,35885,4.457458844826611,610
2025-05-05,0.13.0,2017-10-26T03:39:03.857+00:00,534624,5,1,0.00093540469348659,35888,4.457458844826611,611
2025-05-06,0.13.0,2017-10-26T03:39:03.857+00:00,534908,5,1,0.0005609384874854623,35890,4.457458844826611,611
2025-05-07,0.13.0,2017-10-26T03:39:03.857+00:00,535161,5,1,0.0009344432026732552,35893,4.457458844826611,612
2025-05-08,0.13.0,2017-10-26T03:39:03.857+00:00,535412,5,1,0.0009340242622142353,35895,4.457458844826611,614
2025-05-09,0.13.0,2017-10-26T03:39:03.857+00:00,535633,5,1,0.0007468998986083388,35900,4.457458844826611,615
2025-05-10,0.13.0,2017-10-26T03:39:03.857+00:00,535826,5,1,0.0005599239996491143,35902,4.457458844826611,616
2025-05-11,0.13.0,2017-10-26T03:39:03.857+00:00,535984,5,1,0.0007463605593226032,35906,4.457458844826611,616
2025-05-12,0.13.0,2017-10-26T03:39:03.857+00:00,536152,5,1,0.0001865462821325971,35907,4.457458844826611,616
2025-05-13,0.13.0,2017-10-26T03:39:03.857+00:00,536425,5,1,0.0016781370441294105,35907,4.457458844826611,617
2025-05-14,0.13.0,2017-10-26T03:39:03.857+00:00,536703,5,1,0.0007454425506062311,35908,4.457458844826611,617
2025-05-15,0.13.0,2017-10-26T03:39:03.857+00:00,536943,5,1,0.0016763366456503722,35908,4.457458844826611,619
2025-05-16,0.13.0,2017-10-26T03:39:03.857+00:00,537193,5,1,0.0018617986837083306,35908,4.457458844826611,619
2025-05-17,0.13.0,2017-10-26T03:39:03.857+00:00,537397,5,1,0.001488804192472606,35908,4.457458844826611,622
2025-05-18,0.13.0,2017-10-26T03:39:03.857+00:00,537536,5,1,0.0009302360194828631,35909,4.457458844826611,622
2025-05-19,0.13.0,2017-10-26T03:39:03.857+00:00,537703,5,1,0.0009300249246679812,35912,4.457458844826611,622
2025-05-20,0.13.0,2017-10-26T03:39:03.857+00:00,537988,5,1,0.0013014055179593961,35912,4.457458844826611,623
2025-05-21,0.13.0,2017-10-26T03:39:03.857+00:00,538250,5,1,0.0014865605634064535,35913,4.457458844826611,623
2025-05-22,0.13.0,2017-10-26T03:39:03.857+00:00,538529,5,1,0.0013000689036518935,35914,4.457458844826611,623
2025-05-23,0.13.0,2017-10-26T03:39:03.857+00:00,538770,5,1,0.0009281621090813237,35915,4.457458844826611,623
2025-05-24,0.13.0,2017-10-26T03:39:03.857+00:00,538950,5,1,0.0007422417184380266,35916,4.457458844826611,623
2025-05-25,0.13.0,2017-10-26T03:39:03.857+00:00,539107,5,1,0.0018550948324478347,35917,4.457458844826611,623
2025-05-26,0.13.0,2017-10-26T03:39:03.857+00:00,539288,5,1,0.0009273134616240596,35919,4.457458844826611,623
2025-05-27,0.13.0,2017-10-26T03:39:03.857+00:00,539550,5,1,0.0011122233344455566,35919,4.457458844826611,623
2025-05-28,0.13.0,2017-10-26T03:39:03.857+00:00,539830,5,1,0.0014822225927778705,35920,4.457458844826611,625
2025-05-29,0.13.0,2017-10-26T03:39:03.857+00:00,540086,5,1,0.0012963010974114718,35920,4.457458844826611,626
2025-05-31,0.13.0,2017-10-26T03:39:03.857+00:00,540516,5,1,0.0016652111487736644,35922,4.457458844826611,627
2025-06-01,0.13.0,2017-10-26T03:39:03.857+00:00,540645,5,1,0.0014798728049324162,35922,4.457458844826611,628
2025-06-02,0.13.0,2017-10-26T03:39:03.857+00:00,540815,5,1,0.0011095926130721104,35922,4.457458844826611,629
2025-06-03,0.13.0,2017-10-26T03:39:03.857+00:00,541064,5,1,0.0009242588368387391,35922,4.457458844826611,630
2025-06-04,0.13.0,2017-10-26T03:39:03.857+00:00,541334,5,1,0.0016628329130061249,35923,4.457458844826611,632
2025-06-05,0.13.0,2017-10-26T03:39:03.857+00:00,541578,5,1,0.0024007697237083394,35926,4.457458844826611,632
2025-06-06,0.13.0,2017-10-26T03:39:03.857+00:00,541833,5,1,0.0016611970216583174,35927,4.457458844826611,632
2025-06-07,0.13.0,2017-10-26T03:39:03.857+00:00,541995,5,1,0.0011071029882554824,35927,4.457458844826611,633
2025-06-08,0.13.0,2017-10-26T03:39:03.857+00:00,542088,5,1,0.0005534473311847279,35929,4.457458844826611,634
2025-06-09,0.13.0,2017-10-26T03:39:03.857+00:00,542250,5,1,0.0012911174806240155,35930,4.457458844826611,635
2025-06-10,0.13.0,2017-10-26T03:39:03.857+00:00,542490,5,1,0.0016592859170873264,35932,4.457458844826611,637
2025-06-11,0.13.0,2017-10-26T03:39:03.857+00:00,542742,5,1,0.001658515370751897,35934,4.457458844826611,637
2025-06-12,0.13.0,2017-10-26T03:39:03.857+00:00,543024,5,1,0.0009209188559977604,35934,4.457458844826611,637
2025-06-13,0.13.0,2017-10-26T03:39:03.857+00:00,543194,5,1,0.0007364475244316465,35935,4.457458844826611,637
2025-06-14,0.13.0,2017-10-26T03:39:03.857+00:00,543282,5,1,0.0009203594555889749,35936,4.457458844826611,654
2025-06-15,0.13.0,2017-10-26T03:39:03.857+00:00,543338,5,1,0,35936,4.457458844826611,655
2025-06-16,0.13.0,2017-10-26T03:39:03.857+00:00,543423,5,1,0.0001840359827153405,35938,4.457458844826611,655
2025-06-17,0.13.0,2017-10-26T03:39:03.857+00:00,543535,5,1,0.0007359664988049744,35939,4.457458844826611,656
2025-06-18,0.13.0,2017-10-26T03:39:03.857+00:00,543624,5,1,0.00036792706213920154,35939,4.457458844826611,658
2025-06-19,0.13.0,2017-10-26T03:39:03.857+00:00,543715,5,1,0.0005517900990463227,35939,4.457458844826611,660
2025-06-20,0.13.0,2017-10-26T03:39:03.857+00:00,543790,5,1,0.00018390635488409304,35939,4.457458844826611,661
2025-06-21,0.13.0,2017-10-26T03:39:03.857+00:00,543838,5,1,0.0005516500773229525,35939,4.457458844826611,661
2025-06-22,0.13.0,2017-10-26T03:39:03.857+00:00,543870,5,1,0.0003677444029301874,35939,4.457458844826611,665
2025-06-23,0.13.0,2017-10-26T03:39:03.857+00:00,543927,5,1,0.0007354306590010277,35939,4.457458844826611,666
2025-06-24,0.13.0,2017-10-26T03:39:03.857+00:00,543996,5,1,0.00018383366729782892,35939,4.457458844826611,667
2025-06-25,0.13.0,2017-10-26T03:39:03.857+00:00,544080,5,1,0.0007352265416781547,35939,4.457458844826611,667
2025-06-26,0.13.0,2017-10-26T03:39:03.857+00:00,544164,5,1,0.00018377488311917433,35941,4.457458844826611,667
2025-06-27,0.13.0,2017-10-26T03:39:03.857+00:00,544231,5,1,0.0001837532708082204,35941,4.457458844826611,668
2025-06-28,0.13.0,2017-10-26T03:39:03.857+00:00,544293,5,1,0.00036746062659386047,35942,4.457458844826611,668
2025-06-29,0.13.0,2017-10-26T03:39:03.857+00:00,544330,5,1,0.0003674329480798873,35943,4.457458844826611,668
2025-06-30,0.13.0,2017-10-26T03:39:03.857+00:00,544380,5,1,0.0007348186467579801,35943,4.457458844826611,669
2025-07-01,0.13.0,2017-10-26T03:39:03.857+00:00,544467,5,1,0.00036735735972918417,35944,4.457458844826611,669
2025-07-02,0.13.0,2017-10-26T03:39:03.857+00:00,544541,5,1,0.0005509469860445128,35944,4.457458844826611,669
2025-07-03,0.13.0,2017-10-26T03:39:03.857+00:00,544623,5,1,0,35944,4.457458844826611,669
2025-07-04,0.13.0,2017-10-26T03:39:03.857+00:00,544699,5,1,0.00018359504807436333,35944,4.457458844826611,669
2025-07-05,0.13.0,2017-10-26T03:39:03.857+00:00,544745,5,1,0.00018357516301474477,35945,4.457458844826611,669
2025-07-06,0.13.0,2017-10-26T03:39:03.857+00:00,544780,5,1,0,35945,4.457458844826611,669
2025-07-07,0.13.0,2017-10-26T03:39:03.857+00:00,544835,5,1,0,35945,4.457458844826611,669
2025-07-08,0.13.0,2017-10-26T03:39:03.857+00:00,544911,5,1,0.0003670499279664516,35945,4.457458844826611,669
2025-07-09,0.13.0,2017-10-26T03:39:03.857+00:00,544986,5,1,0,35945,4.457458844826611,669
2025-07-10,0.13.0,2017-10-26T03:39:03.857+00:00,545059,5,1,0.0005504334663547543,35945,4.457458844826611,669
2025-07-11,0.13.0,2017-10-26T03:39:03.857+00:00,545137,5,1,0.0005503456170475058,35945,4.457458844826611,669
2025-07-12,0.13.0,2017-10-26T03:39:03.857+00:00,545192,5,1,0,35945,4.457458844826611,669
2025-07-13,0.13.0,2017-10-26T03:39:03.857+00:00,545232,5,1,0.000183412873382757,35945,4.457458844826611,669
2025-07-14,0.13.0,2017-10-26T03:39:03.857+00:00,545281,5,1,0.0003668028728000998,35945,4.457458844826611,669
2025-07-15,0.13.0,2017-10-26T03:39:03.857+00:00,545347,5,1,0.00036675108054037104,35945,4.457458844826611,669
2025-07-16,0.13.0,2017-10-26T03:39:03.857+00:00,545418,5,1,0,35946,4.506890008909384,670
2025-07-17,0.13.0,2017-10-26T03:39:03.857+00:00,545491,5,1,0,35947,4.5068142526774295,671
2025-07-18,0.13.0,2017-10-26T03:39:03.857+00:00,545555,5,1,0.0001833076397125003,35947,4.506933852883458,671
2025-07-19,0.13.0,2017-10-26T03:39:03.857+00:00,545602,5,1,0,35949,4.507024111780847,672
2025-07-20,0.13.0,2017-10-26T03:39:03.857+00:00,545636,5,1,0.0001832763954664751,35950,4.507082722845825,672
2025-07-21,0.13.0,2017-10-26T03:39:03.857+00:00,545674,5,1,0,35951,4.507118074792466,673
2025-07-22,0.13.0,2017-10-26T03:39:03.857+00:00,545742,5,1,0.00018324415451147108,35951,4.506977250323258,674
2025-07-23,0.13.0,2017-10-26T03:39:03.857+00:00,545815,5,1,0.0009161116556885953,35951,4.5070079196594115,674
2025-07-24,0.13.0,2017-10-26T03:39:03.857+00:00,545882,5,1,0.0005495934840196535,35951,4.506856025698665,674
2025-07-25,0.13.0,2017-10-26T03:39:03.857+00:00,545958,5,1,0.00018317601566521287,35951,4.506983610038388,675
2025-07-26,0.13.0,2017-10-26T03:39:03.857+00:00,546000,5,1,0.0001831542085174033,35952,4.506716345929663,675
2025-07-27,0.13.0,2017-10-26T03:39:03.857+00:00,546025,5,1,0,35952,4.506677581001906,676
2025-07-28,0.13.0,2017-10-26T03:39:03.857+00:00,546066,5,1,0,35952,4.506449370510543,677
2025-07-30,0.13.0,2017-10-26T03:39:03.857+00:00,546196,5,1,0,35954,4.506496968336526,678
2025-07-31,0.13.0,2017-10-26T03:39:03.857+00:00,546256,5,1,0.0001830740699379562,35954,4.506597315179562,678
2025-08-01,0.13.0,2017-10-26T03:39:03.857+00:00,546304,5,1,0.0003661085951314879,35955,4.506627838898314,678
2025-08-02,0.13.0,2017-10-26T03:39:03.857+00:00,546342,5,1,0,35955,4.506614493621113,680
2025-08-03,0.13.0,2017-10-26T03:39:03.857+00:00,546370,5,1,0,35955,4.5066231974570385,680
2025-08-04,0.13.0,2017-10-26T03:39:03.857+00:00,546417,5,1,0,35956,4.506558428828571,680
2025-08-05,0.13.0,2017-10-26T03:39:03.857+00:00,546484,5,1,0.0003659920213739341,35956,4.506373357355889,680
2025-08-06,0.13.0,2017-10-26T03:39:03.857+00:00,546557,5,1,0.00036594447524477115,35957,4.506202596530413,681
2025-08-07,0.13.0,2017-10-26T03:39:03.857+00:00,546619,5,1,0.0003658996190984965,35958,4.506163893788434,681
2025-08-08,0.13.0,2017-10-26T03:39:03.857+00:00,546712,5,1,0.0001829240407920611,35959,4.505956060277832,681
2025-08-09,0.13.0,2017-10-26T03:39:03.857+00:00,546834,5,1,0.0010972692625619042,35959,4.505853068455659,681
2025-08-10,0.13.0,2017-10-26T03:39:03.857+00:00,546946,5,1,0.0005485343163068282,35960,4.505787951791932,681
2025-08-11,0.13.0,2017-10-26T03:39:03.857+00:00,547069,5,1,0.0005484420589246149,35961,4.50580937826833,681
2025-08-12,0.13.0,2017-10-26T03:39:03.857+00:00,547278,5,1,0.0009137460297735006,35961,4.505786680960249,682
2025-08-13,0.13.0,2017-10-26T03:39:03.857+00:00,547475,5,1,0.0007307297432581048,35962,4.505734519333794,682
2025-08-14,0.13.0,2017-10-26T03:39:03.857+00:00,547667,5,1,0.0005478421411131787,35963,4.505697302565006,682
2025-08-15,0.13.0,2017-10-26T03:39:03.857+00:00,547847,5,1,0.0009127552063556971,35965,4.50552836250403,683
2025-08-16,0.13.0,2017-10-26T03:39:03.857+00:00,547998,5,1,0.0009124853546100585,35966,4.50550139275766,684
2025-08-17,0.13.0,2017-10-26T03:39:03.857+00:00,548101,5,1,0.0005473853227748786,35967,4.5054302422723485,685
2025-08-18,0.13.0,2017-10-26T03:39:03.857+00:00,548228,5,1,0.0014594358915420219,35968,4.505399518833455,685
2025-08-19,0.13.0,2017-10-26T03:39:03.857+00:00,548460,5,1,0.0005470678984204326,35968,4.505447108093442,685
2025-08-20,0.13.0,2017-10-26T03:39:03.857+00:00,548662,5,1,0.0009114440920193955,35969,4.505292468543868,686
2025-08-21,0.13.0,2017-10-26T03:39:03.857+00:00,548859,5,1,0.0010932984449651786,35971,4.505224112103122,686
2025-08-22,0.13.0,2017-10-26T03:39:03.857+00:00,549082,5,1,0.0016393353041786656,35971,4.505045663268367,686
2025-08-23,0.13.0,2017-10-26T03:39:03.857+00:00,549255,5,1,0.0016387054954899183,35971,4.5050378787878795,686
2025-08-24,0.13.0,2017-10-26T03:39:03.857+00:00,549371,5,1,0.00036407789082396286,35971,4.5049509949641156,686
2025-08-25,0.13.0,2017-10-26T03:39:03.857+00:00,549538,5,1,0.0007279994030404894,35971,4.5050437045342555,686
2025-08-26,0.13.0,2017-10-26T03:39:03.857+00:00,549770,5,1,0.0007277014095576303,35973,4.504972162449199,686
2025-08-27,0.13.0,2017-10-26T03:39:03.857+00:00,550002,5,1,0.0009092099329366754,35973,4.505014221881524,686
2025-08-28,0.13.0,2017-10-26T03:39:03.857+00:00,550222,5,1,0.001272412639783617,35974,4.505217437864772,686
2025-08-29,0.13.0,2017-10-26T03:39:03.857+00:00,550416,5,1,0.0007268141736031994,35975,4.505162985654945,686
2025-08-30,0.13.0,2017-10-26T03:39:03.857+00:00,550564,5,1,0.0009082140696890819,35975,4.505064698638318,686
2025-08-31,0.13.0,2017-10-26T03:39:03.857+00:00,550688,5,1,0.0007264208337495119,35975,4.50511768247531,686
2025-09-01,0.13.0,2017-10-26T03:39:03.857+00:00,550829,5,1,0.0014525383106979445,35975,4.5049876095953305,686
2025-09-02,0.13.0,2017-10-26T03:39:03.857+00:00,551029,5,1,0.0007260107885203174,35978,4.504922670690306,686
2025-09-03,0.13.0,2017-10-26T03:39:03.857+00:00,551259,5,1,0.0007256973043973628,35978,4.505083463315984,686
2025-09-04,0.13.0,2017-10-26T03:39:03.857+00:00,551496,5,1,0.0012694566906714883,35979,4.505082543828735,686
2025-09-05,0.13.0,2017-10-26T03:39:03.857+00:00,551739,5,1,0.00199395649911994,35979,4.505061598851102,688
2025-09-06,0.13.0,2017-10-26T03:39:03.857+00:00,551891,5,1,0.0005436181046573575,35979,4.50515087277021,688
2025-09-07,0.13.0,2017-10-26T03:39:03.857+00:00,551978,5,1,0.00090588079695769,35979,4.5051488940028825,689
2025-09-08,0.13.0,2017-10-26T03:39:03.857+00:00,552136,5,1,0.00036227749369184314,35979,4.505089335515926,691
2025-09-09,0.13.0,2017-10-26T03:39:03.857+00:00,552387,5,1,0.0009053132836618112,35980,4.505177333876885,692
2025-09-10,0.13.0,2017-10-26T03:39:03.857+00:00,552616,5,1,0.0012668926561852415,35981,4.5051922528390485,711
2025-09-11,0.13.0,2017-10-26T03:39:03.857+00:00,552847,5,1,0.0009045287947696527,35981,4.505127997859445,711
2025-09-12,0.13.0,2017-10-26T03:39:03.857+00:00,553047,5,1,0.0007233377698049881,35981,4.50480846595566,712
2025-09-13,0.13.0,2017-10-26T03:39:03.857+00:00,553204,5,1,0.0007231102417719094,35982,4.504753512642761,712
2025-09-14,0.13.0,2017-10-26T03:39:03.857+00:00,553318,5,1,0.00018074096566283136,35983,4.503857207684161,715
2025-09-15,0.13.0,2017-10-26T03:39:03.857+00:00,553451,5,1,0.0005421229534858505,35984,4.504661042392218,716
2025-09-16,0.13.0,2017-10-26T03:39:03.857+00:00,553689,5,1,0.0012644394468980592,35984,4.504608467778233,716
2025-09-17,0.13.0,2017-10-26T03:39:03.857+00:00,553944,5,1,0.0014444370216430832,35985,4.50459859820705,716
2025-09-18,0.13.0,2017-10-26T03:39:03.857+00:00,554184,5,1,0.001443806161803747,35987,4.504572280506489,716
2025-09-19,0.13.0,2017-10-26T03:39:03.857+00:00,554408,5,1,0.0005411880159325752,35987,4.504527285464361,718
2025-09-20,0.13.0,2017-10-26T03:39:03.857+00:00,554590,5,1,0.001081966148885755,35987,4.504538525974649,718
2025-09-21,0.13.0,2017-10-26T03:39:03.857+00:00,554721,5,1,0.000540858233845466,35987,4.5046592445739915,718
2025-09-22,0.13.0,2017-10-26T03:39:03.857+00:00,554863,5,1,0.0009012597809217725,35987,4.50467784157976,718
2025-09-23,0.13.0,2017-10-26T03:39:03.857+00:00,555099,5,1,0.0016215807168828175,35988,4.504754800486738,718
2025-09-24,0.13.0,2017-10-26T03:39:03.857+00:00,555342,5,1,0.0012607001928871295,35989,4.504736374546077,718
2025-09-25,0.13.0,2017-10-26T03:39:03.857+00:00,555547,5,1,0.0009001256575417929,35993,4.504487972358701,719
2025-09-26,0.13.0,2017-10-26T03:39:03.857+00:00,555782,5,1,0.0012596566176060406,35993,4.50421885743326,719
2025-09-27,0.13.0,2017-10-26T03:39:03.857+00:00,555945,5,1,0.0007195435215899033,35993,4.504082430484139,719
2025-09-28,0.13.0,2017-10-26T03:39:03.857+00:00,556070,5,1,0.0005395411741854726,35994,4.504095458217115,719
2025-09-29,0.13.0,2017-10-26T03:39:03.857+00:00,556205,5,1,0.000359624264568379,35994,4.5040502140680765,719
2025-09-30,0.13.0,2017-10-26T03:39:03.857+00:00,556432,5,1,0.0005392279334448936,35994,4.503942252852745,719
2025-10-01,0.13.0,2017-10-26T03:39:03.857+00:00,556656,5,1,0.0005389954203355785,35995,4.503485744656382,719
2025-10-02,0.13.0,2017-10-26T03:39:03.857+00:00,556879,5,1,0.00035918379075389087,35996,4.503283812080204,719
2025-10-03,0.13.0,2017-10-26T03:39:03.857+00:00,557107,5,1,0.0016156770943663136,35998,4.503087268827434,719
2025-10-04,0.13.0,2017-10-26T03:39:03.857+00:00,557272,5,1,0.0005383763645597607,35998,4.502843430688195,719
2025-10-05,0.13.0,2017-10-26T03:39:03.857+00:00,557378,5,1,0.0012559455565543313,35999,4.502744056612261,719
2025-10-06,0.13.0,2017-10-26T03:39:03.857+00:00,557512,5,1,0.0007175673033282565,36000,4.502731484554257,719
2025-10-07,0.13.0,2017-10-26T03:39:03.857+00:00,557732,5,1,0.0005379650932383166,36001,4.5024929916581975,719
2025-10-08,0.13.0,2017-10-26T03:39:03.857+00:00,557997,5,1,0.0008962163537975376,36001,4.502355024517172,719
2025-10-09,0.13.0,2017-10-26T03:39:03.857+00:00,558244,5,1,0.0014333192987485332,36001,4.502324123171713,719
2025-10-10,0.13.0,2017-10-26T03:39:03.857+00:00,558471,5,1,0.0010745158858219421,36001,4.502013816814504,720
2025-10-11,0.13.0,2017-10-26T03:39:03.857+00:00,558651,5,1,0.00035803538821777144,36001,4.501903946045783,720
2025-10-12,0.13.0,2017-10-26T03:39:03.857+00:00,558766,5,1,0.00071590545036717,36003,4.501811375624545,720
2025-10-13,0.13.0,2017-10-26T03:39:03.857+00:00,558932,5,1,0.0007157581310123683,36004,4.5018409673846005,720
2025-10-14,0.13.0,2017-10-26T03:39:03.857+00:00,559154,5,1,0.0007154598349791891,36007,4.501612091365448,720
2025-10-15,0.13.0,2017-10-26T03:39:03.857+00:00,559422,5,1,0.0008939250640497309,36007,4.501423409681163,720
2025-10-16,0.13.0,2017-10-26T03:39:03.857+00:00,559663,5,1,0.0007148090566307475,36007,4.501758470439654,720
2025-10-17,0.13.0,2017-10-26T03:39:03.857+00:00,559902,5,1,0.0005358788770836757,36008,4.501786436668736,720
2025-10-18,0.13.0,2017-10-26T03:39:03.857+00:00,560055,5,1,0.0008928220677044831,36008,4.50175804703972,720
2025-10-19,0.13.0,2017-10-26T03:39:03.857+00:00,560173,5,1,0.0008926499205541571,36008,4.501743029117968,721
2025-10-20,0.13.0,2017-10-26T03:39:03.857+00:00,560339,5,1,0.0001784853731236725,36008,4.501692597615923,721
2025-10-21,0.13.0,2017-10-26T03:39:03.857+00:00,560531,5,1,0.0008921211429142386,36009,4.501594409390053,721
2025-10-22,0.13.0,2017-10-26T03:39:03.857+00:00,560751,5,1,0.0005350769708222528,36010,4.501526938299115,721
2025-10-23,0.13.0,2017-10-26T03:39:03.857+00:00,560969,5,1,0.0005348585120949339,36012,4.5015096151298,721
2025-10-24,0.13.0,2017-10-26T03:39:03.857+00:00,561157,5,1,0.0010693547869667038,36012,4.501638370709788,721
2025-10-25,0.13.0,2017-10-26T03:39:03.857+00:00,561333,5,1,0.0010689489915357057,36013,4.501697687278245,721
2025-10-26,0.13.0,2017-10-26T03:39:03.857+00:00,561443,5,1,0.00017812071953645864,36013,4.5016336650728075,721
2025-10-27,0.13.0,2017-10-26T03:39:03.857+00:00,561587,5,1,0.0010685339891757508,36013,4.501583018617087,721
2025-10-28,0.13.0,2017-10-26T03:39:03.857+00:00,561805,5,1,0.000890101008662463,36013,4.50166417558237,721
2025-10-29,0.13.0,2017-10-26T03:39:03.857+00:00,562027,5,1,0.0005338496252375631,36015,4.501779600232769,721
2025-10-30,0.13.0,2017-10-26T03:39:03.857+00:00,562230,5,1,0.0007115310725619388,36015,4.501845506255291,721
2025-10-31,0.13.0,2017-10-26T03:39:03.857+00:00,562436,5,1,0.001955979785837995,36015,4.501806456291378,721
2025-11-01,0.13.0,2017-10-26T03:39:03.857+00:00,562583,5,1,0.0003555214254987077,36015,4.502015014313974,721
2025-11-02,0.13.0,2017-10-26T03:39:03.857+00:00,562695,5,1,0.0010663595551147936,36015,4.502103381992594,721
2025-11-03,0.13.0,2017-10-26T03:39:03.857+00:00,562837,5,1,0.00035538939127128117,36015,4.502157632074772,721
2025-11-04,0.13.0,2017-10-26T03:39:03.857+00:00,563066,5,1,0.0007104934554671583,36015,4.502318956030972,721
2025-11-05,0.13.0,2017-10-26T03:39:03.857+00:00,563261,5,1,0.0007102335780679871,36015,4.5024383899325695,721
2025-11-06,0.13.0,2017-10-26T03:39:03.857+00:00,563484,5,1,0.0007099524686822217,36016,4.502448507744154,721
2025-11-07,0.13.0,2017-10-26T03:39:03.857+00:00,563695,5,1,0.0012419539128645134,36016,4.5024782911989085,721
2025-11-08,0.13.0,2017-10-26T03:39:03.857+00:00,563851,5,1,0.0007094450188978417,36016,4.50241530796019,722
2025-11-09,0.13.0,2017-10-26T03:39:03.857+00:00,563947,5,1,0.0003546583487461941,36016,4.502377318889101,722
2025-11-10,0.13.0,2017-10-26T03:39:03.857+00:00,564099,5,1,0.0007091846504074266,36017,4.50243747090958,723
2025-11-11,0.13.0,2017-10-26T03:39:03.857+00:00,564317,5,1,0.0019495077492933035,36017,4.502442028603998,724
2025-11-12,0.13.0,2017-10-26T03:39:03.857+00:00,564539,5,1,0.0024801806988794897,36018,4.502495660054203,724
2025-11-13,0.13.0,2017-10-26T03:39:03.857+00:00,564739,5,1,0.0008854619543562073,36018,4.502460598312295,725
2025-11-14,0.13.0,2017-10-26T03:39:03.857+00:00,564954,5,1,0.0003540487241854224,36018,4.502484641813522,725
2025-11-15,0.13.0,2017-10-26T03:39:03.857+00:00,565130,5,1,0.0015926948396687195,36018,4.502566440806836,725
2025-11-16,0.13.0,2017-10-26T03:39:03.857+00:00,565243,5,1,0.00035385766783026864,36018,4.502458530063603,725
2025-11-17,0.13.0,2017-10-26T03:39:03.857+00:00,565406,5,1,0.0001768887741077288,36018,4.502432277727447,725
2025-11-18,0.13.0,2017-10-26T03:39:03.857+00:00,565620,5,1,0.0005304561392341275,36021,4.502486499027686,725
2025-11-19,0.13.0,2017-10-26T03:39:03.857+00:00,565807,5,1,0.0003535136606516317,36022,4.502377246788123,728
2025-11-20,0.13.0,2017-10-26T03:39:03.857+00:00,566021,5,1,0.0010601793116609124,36024,4.502188904669175,728
2025-11-21,0.13.0,2017-10-26T03:39:03.857+00:00,566223,5,1,0.0005298930322598878,36025,4.502095969420921,728
2025-11-22,0.13.0,2017-10-26T03:39:03.857+00:00,566382,5,1,0.0007062820254755927,36026,4.501957839403529,728
2025-11-23,0.13.0,2017-10-26T03:39:03.857+00:00,566486,5,1,0.0005296067846159822,36027,4.501879848149706,728
2025-11-24,0.13.0,2017-10-26T03:39:03.857+00:00,566625,5,1,0.000706032696374169,36027,4.501960870312095,728
2025-11-25,0.13.0,2017-10-26T03:39:03.857+00:00,566837,5,1,0.00035288243192456784,36027,4.501936891791013,728
2025-11-26,0.13.0,2017-10-26T03:39:03.857+00:00,567031,5,1,0.0008818668769037301,36027,4.5020783235687905,730
2025-11-27,0.13.0,2017-10-26T03:39:03.857+00:00,567218,5,1,0.0012342305013620617,36027,4.5020352327826,733
2025-11-28,0.13.0,2017-10-26T03:39:03.857+00:00,567364,5,1,0.0008813461328294385,36027,4.502289055973266,733
2025-11-29,0.13.0,2017-10-26T03:39:03.857+00:00,567484,5,1,0.0003524496129222126,36028,4.502360442948218,733
2025-11-30,0.13.0,2017-10-26T03:39:03.857+00:00,567583,5,1,0.0007047961377171653,36030,4.502282744636156,733
2025-12-01,0.13.0,2017-10-26T03:39:03.857+00:00,567704,5,1,0.0005285058435129432,36030,4.502300343534154,733
2025-12-02,0.13.0,2017-10-26T03:39:03.857+00:00,567912,5,1,0.0008805204227906861,36030,4.502281221181381,733
2025-12-03,0.13.0,2017-10-26T03:39:03.857+00:00,568130,5,1,0.000352092839840009,36031,4.502312049702095,734
2025-12-04,0.13.0,2017-10-26T03:39:03.857+00:00,568330,5,1,0.0012318023203636281,36032,4.502214722632356,734
2025-12-05,0.13.0,2017-10-26T03:39:03.857+00:00,568532,5,1,0.0007036517768086929,36033,4.502443864413227,734
2025-12-06,0.13.0,2017-10-26T03:39:03.857+00:00,568634,5,1,0.0008793373313870667,36035,4.502722399949153,734
2025-12-07,0.13.0,2017-10-26T03:39:03.857+00:00,568721,5,1,0.0003516860709456311,36035,4.502778510592467,734
2025-12-08,0.13.0,2017-10-26T03:39:03.857+00:00,568858,5,1,0.0007032596082843982,36035,4.502743283024186,736
2025-12-09,0.13.0,2017-10-26T03:39:03.857+00:00,569074,5,1,0.0005272444797502971,36036,4.502871039286601,736
2025-12-10,0.13.0,2017-10-26T03:39:03.857+00:00,569269,5,1,0,36036,4.502558079398337,736
2025-12-11,0.13.0,2017-10-26T03:39:03.857+00:00,569462,5,1,0.0010537537342397959,36038,4.501710111240245,736
2025-12-12,0.13.0,2017-10-26T03:39:03.857+00:00,569676,5,1,0.001580003476007647,36038,4.5014668595929965,736
2025-12-13,0.13.0,2017-10-26T03:39:03.857+00:00,569836,5,1,0.0008775054975719423,36038,4.501109529897008,736
2025-12-14,0.13.0,2017-10-26T03:39:03.857+00:00,569953,5,1,0.0005263896687254351,36038,4.501059689832763,736
2025-12-15,0.13.0,2017-10-26T03:39:03.857+00:00,570065,5,1,0.0008771914435237833,36038,4.501074180203144,736
2025-12-16,0.13.0,2017-10-26T03:39:03.857+00:00,570243,5,1,0.0008769037580587456,36038,4.500985752517991,736
2025-12-17,0.13.0,2017-10-26T03:39:03.857+00:00,570407,5,1,0.0012273402309854315,36038,4.501053806435534,737
2025-12-18,0.13.0,2017-10-26T03:39:03.857+00:00,570560,5,1,0.0008764241893076249,36041,4.500889377772536,737
2025-12-19,0.13.0,2017-10-26T03:39:03.857+00:00,570734,5,1,0.0005256914156344132,36041,4.50091378763924,743
2025-12-20,0.13.0,2017-10-26T03:39:03.857+00:00,570855,5,1,0.0012262823848039088,36043,4.500984973222074,745
2025-12-21,0.13.0,2017-10-26T03:39:03.857+00:00,570930,5,1,0.0005254768702597607,36043,4.500945943022257,745
2025-12-22,0.13.0,2017-10-26T03:39:03.857+00:00,571037,5,1,0.0001751408570342698,36044,4.500935209480314,745
2025-12-23,0.13.0,2017-10-26T03:39:03.857+00:00,571197,5,1,0.0007003450950455837,36044,4.5009294210562665,746
2025-12-24,0.13.0,2017-10-26T03:39:03.857+00:00,571317,5,1,0.0007002016580775263,36044,4.501067721200194,746
2025-12-25,0.13.0,2017-10-26T03:39:03.857+00:00,571430,5,1,0.0003500217888563563,36044,4.501151682392523,747
2025-12-26,0.13.0,2017-10-26T03:39:03.857+00:00,571561,5,1,0.000699925982827316,36044,4.501223004361059,748
2025-12-27,0.13.0,2017-10-26T03:39:03.857+00:00,571680,5,1,0.0008746809601197964,36050,4.501163655557955,748
2025-12-28,0.13.0,2017-10-26T03:39:03.857+00:00,571777,5,1,0.0003498081302405631,36056,4.501045173314081,748
2025-12-29,0.13.0,2017-10-26T03:39:03.857+00:00,571914,5,1,0.0005246195196933424,36062,4.5010870822735765,748
2025-12-30,0.13.0,2017-10-26T03:39:03.857+00:00,572103,5,1,0.00034962651147911244,36080,4.500927692705986,748
2025-12-31,0.13.0,2017-10-26T03:39:03.857+00:00,572232,5,1,0.0006990660477601924,36095,4.500891970349922,748
2026-01-01,0.13.0,2017-10-26T03:39:03.857+00:00,572320,5,1,0,36097,4.500970405186832,749
2026-01-02,0.13.0,2017-10-26T03:39:03.857+00:00,572413,5,1,0.00017471094074853155,36100,4.498413427301966,749
2026-01-03,0.13.0,2017-10-26T03:39:03.857+00:00,572610,5,1,0.0008732571969491886,36105,4.500954408084425,750
2026-01-04,0.13.0,2017-10-26T03:39:03.857+00:00,572721,5,1,0.0005238454446400134,36109,4.50103284711051,751
2026-01-05,0.13.0,2017-10-26T03:39:03.857+00:00,572871,5,1,0.00017458070080184917,36112,4.501075024445965,751
2026-01-06,0.13.0,2017-10-26T03:39:03.857+00:00,573079,5,1,0.0008725805522736831,36122,4.5011922631120544,751
2026-01-07,0.13.0,2017-10-26T03:39:03.857+00:00,573263,5,1,0.0005233802689127822,36133,4.501266028494305,751
2026-01-08,0.13.0,2017-10-26T03:39:03.857+00:00,573458,5,1,0.0008719931496218166,36144,4.501343194372376,751
2026-01-09,0.13.0,2017-10-26T03:39:03.857+00:00,573661,5,1,0.0010460488121244033,36155,4.502528180383035,751
2026-01-10,0.13.0,2017-10-26T03:39:03.857+00:00,573799,5,1,0.0005228621473948394,36167,4.502487562189055,752
2026-01-11,0.13.0,2017-10-26T03:39:03.857+00:00,573929,5,1,0.0008712531757178255,36167,4.502411820418731,752
2026-01-12,0.13.0,2017-10-26T03:39:03.857+00:00,574068,5,1,0.0015679223982941004,36167,4.502432728224406,752
2026-01-13,0.13.0,2017-10-26T03:39:03.857+00:00,574289,5,1,0.0005224624001226046,36176,4.50362666872857,752
2026-01-14,0.13.0,2017-10-26T03:39:03.857+00:00,574526,5,1,0.0006963182174253634,36195,4.503650155755832,752
2026-01-15,0.13.0,2017-10-26T03:39:03.857+00:00,574706,5,1,0.000870096354470294,36200,4.503599033285338,752
2026-01-16,0.13.0,2017-10-26T03:39:03.857+00:00,574904,5,1,0.0013916528661090776,36211,4.503621749611055,755
2026-01-17,0.13.0,2017-10-26T03:39:03.857+00:00,575038,5,1,0.0010434837051323746,36219,4.503540624855269,755
2026-01-18,0.13.0,2017-10-26T03:39:03.857+00:00,575137,5,1,0.000521638431537564,36220,4.503616869463839,755
2026-01-19,0.13.0,2017-10-26T03:39:03.857+00:00,575252,5,1,0.00017385499102908248,36223,4.50366288954363,755
2026-01-20,0.13.0,2017-10-26T03:39:03.857+00:00,575460,5,1,0.000521386401199884,36230,4.50383941203164,755
2026-01-21,0.13.0,2017-10-26T03:39:03.857+00:00,575671,5,1,0.001216130758379141,36231,4.503802851812713,755
2026-01-22,0.13.0,2017-10-26T03:39:03.857+00:00,575902,5,1,0.0010419723842585759,36235,4.503885976579818,755
2026-01-23,0.13.0,2017-10-26T03:39:03.857+00:00,576106,5,1,0.0013887683360819373,36241,4.503881801297982,755
2026-01-24,0.13.0,2017-10-26T03:39:03.857+00:00,576268,5,1,0.0003470812204764037,36247,4.503826965717209,756
2026-01-25,0.13.0,2017-10-26T03:39:03.857+00:00,576362,5,1,0.0003470216003595144,36247,4.503855592162713,756
2026-01-26,0.13.0,2017-10-26T03:39:03.857+00:00,576490,5,1,0.000173481903235264,36248,4.503948246722814,756
2026-01-27,0.13.0,2017-10-26T03:39:03.857+00:00,576687,5,1,0.0012139710728035795,36257,4.504091367466014,757
2026-01-28,0.13.0,2017-10-26T03:39:03.857+00:00,576902,5,1,0.001040147978385725,36268,4.5042665823301125,758
2026-01-29,0.13.0,2017-10-26T03:39:03.857+00:00,577084,5,1,0.0015597163395883733,36273,4.504304117878885,759
2026-01-30,0.13.0,2017-10-26T03:39:03.857+00:00,577279,5,1,0.0006929838846597622,36280,4.504311566811568,761
2026-01-31,0.13.0,2017-10-26T03:39:03.857+00:00,577448,5,1,0.0008659508139937652,36285,4.504388220077487,761
2026-02-01,0.13.0,2017-10-26T03:39:03.857+00:00,577548,5,1,0.00017315357683343665,36286,4.504332362847856,762
2026-02-02,0.13.0,2017-10-26T03:39:03.857+00:00,577685,5,1,0.0008656209965028913,36287,4.504442237927432,762
2026-02-03,0.13.0,2017-10-26T03:39:03.857+00:00,577936,5,1,0.0012113744600730978,36293,4.504475288623686,762
2026-02-04,0.13.0,2017-10-26T03:39:03.857+00:00,578154,5,1,0.0012108966862947254,36296,4.5044290767162405,764
2026-02-05,0.13.0,2017-10-26T03:39:03.857+00:00,578365,5,1,0.0006916789295576887,36299,4.5044375647427195,765
2026-02-06,0.13.0,2017-10-26T03:39:03.857+00:00,578570,5,1,0.000691444583309565,36304,4.504391397796262,766
2026-02-07,0.13.0,2017-10-26T03:39:03.857+00:00,578715,5,1,0.0006912318962046184,36309,4.504352735538422,766
2026-02-08,0.13.0,2017-10-26T03:39:03.857+00:00,578835,5,1,0.0005183110661140318,36309,4.504294882924345,766
2026-02-09,0.13.0,2017-10-26T03:39:03.857+00:00,578985,5,1,0.000518209000599395,36309,4.504211924706624,766
2026-02-10,0.13.0,2017-10-26T03:39:03.857+00:00,579222,5,1,0.0008633580483963987,36315,4.504316097556387,766
2026-02-11,0.13.0,2017-10-26T03:39:03.857+00:00,579464,5,1,0.0017259501787221408,36317,4.504255642994952,767
2026-02-12,0.13.0,2017-10-26T03:39:03.857+00:00,579664,5,1,0.00034505841839023346,36320,4.504308458488829,767
2026-02-13,0.13.0,2017-10-26T03:39:03.857+00:00,579867,5,1,0.0006898823578109343,36333,4.50424113237794,767
2026-02-14,0.13.0,2017-10-26T03:39:03.857+00:00,580020,5,1,0.00017241973861167626,36337,4.504240553769542,767
2026-02-15,0.13.0,2017-10-26T03:39:03.857+00:00,580112,5,1,0.0005171584556269426,36340,4.504289604018496,768
2026-02-16,0.13.0,2017-10-26T03:39:03.857+00:00,580261,5,1,0.000517076449753096,36343,4.504301823391172,768
2026-02-17,0.13.0,2017-10-26T03:39:03.857+00:00,580450,5,1,0.0010337983128411534,36344,4.504344934877286,769
2026-02-18,0.13.0,2017-10-26T03:39:03.857+00:00,580635,5,1,0.001033474230320067,36344,4.505085923846458,771
2026-02-19,0.13.0,2017-10-26T03:39:03.857+00:00,580833,5,1,0.0012052818896065099,36350,4.50499912563714,772
2026-02-20,0.13.0,2017-10-26T03:39:03.857+00:00,580986,5,1,0.0006885309675409288,36354,4.504902866629708,772
2026-02-21,0.13.0,2017-10-26T03:39:03.857+00:00,581149,5,1,0.0010324996472292872,36363,4.504863217606115,772
2026-02-22,0.13.0,2017-10-26T03:39:03.857+00:00,581251,5,1,0.0006882122997302208,36365,4.504961582546956,772
2026-02-23,0.13.0,2017-10-26T03:39:03.857+00:00,581395,5,1,0.00017201874316225495,36366,4.504838782470777,772
2026-02-24,0.13.0,2017-10-26T03:39:03.857+00:00,581636,5,1,0.0012036239397362689,36376,4.504902874001587,772
2026-02-25,0.13.0,2017-10-26T03:39:03.857+00:00,581837,5,1,0.0012032122328868842,36386,4.505027412938672,772
2026-02-26,0.13.0,2017-10-26T03:39:03.857+00:00,582047,5,1,0.0010309880645948389,36394,4.505022679292798,772
2026-02-27,0.13.0,2017-10-26T03:39:03.857+00:00,582226,5,1,0.0020612465044694693,36402,4.5050855308445,772
2026-02-28,0.13.0,2017-10-26T03:39:03.857+00:00,582369,5,1,0.0017172187238660775,36411,4.505145963005173,772
2026-03-01,0.13.0,2017-10-26T03:39:03.857+00:00,582458,5,1,0.0008584634191567829,36411,4.5053052450810025,772
2026-03-02,0.13.0,2017-10-26T03:39:03.857+00:00,582605,5,1,0.001888285591179303,36412,4.5053159096601885,772
2026-03-03,0.13.0,2017-10-26T03:39:03.857+00:00,582791,5,1,0.0017160606112607898,36427,4.505382356563393,772
2026-03-04,0.13.0,2017-10-26T03:39:03.857+00:00,582973,5,1,0.0010292954644095362,36437,4.505120250336313,774
2026-03-05,0.13.0,2017-10-26T03:39:03.857+00:00,583174,5,1,0.00034299728174654216,36448,4.5050757721529315,774
2026-03-06,0.13.0,2017-10-26T03:39:03.857+00:00,583373,5,1,0.0008571742052280769,36452,4.505130273039612,774
2026-03-07,0.13.0,2017-10-26T03:39:03.857+00:00,583502,5,1,0.0005141678963848855,36455,4.505084603635012,774
2026-03-08,0.13.0,2017-10-26T03:39:03.857+00:00,583606,5,1,0.0011995010075808463,36457,4.505044554605295,788
2026-03-09,0.13.0,2017-10-26T03:39:03.857+00:00,583706,5,1,0.0005140031594060865,36458,4.5051144399948555,788
2026-03-10,0.13.0,2017-10-26T03:39:03.857+00:00,583907,5,1,0.0005138385279553851,36470,4.505206334586948,789
2026-03-11,0.13.0,2017-10-26T03:39:03.857+00:00,584117,5,1,0.001027325136420217,36471,4.50525134989044,789
2026-03-12,0.13.0,2017-10-26T03:39:03.857+00:00,584322,5,1,0.000342312181863616,36476,4.505258663506531,789
2026-03-13,0.13.0,2017-10-26T03:39:03.857+00:00,584503,5,1,0.0006844053116696239,36476,4.505162049630693,790
2026-03-14,0.13.0,2017-10-26T03:39:03.857+00:00,584661,5,1,0.0006841981027186612,36477,4.504924065918825,790
2026-03-15,0.13.0,2017-10-26T03:39:03.857+00:00,584755,5,1,0.0005130564310768541,36478,4.504839934404053,791
2026-03-16,0.13.0,2017-10-26T03:39:03.857+00:00,584895,5,1,0.0010259251279841597,36479,4.5048623635087885,792
2026-03-17,0.13.0,2017-10-26T03:39:03.857+00:00,585094,5,1,0.0010255954436213092,36480,4.504894659054685,792
2026-03-18,0.13.0,2017-10-26T03:39:03.857+00:00,585298,5,1,0.0015378174952370375,36484,4.504945849379249,792
2026-03-19,0.13.0,2017-10-26T03:39:03.857+00:00,585463,5,1,0.001195747239532087,36489,4.50484490289351,792
2026-03-20,0.13.0,2017-10-26T03:39:03.857+00:00,585640,5,1,0.0015369114909749141,36493,4.504941271230917,793
2026-03-21,0.13.0,2017-10-26T03:39:03.857+00:00,585790,5,1,0.0006828735318219066,36497,4.504850605964192,793
2026-03-22,0.13.0,2017-10-26T03:39:03.857+00:00,585876,5,1,0.000170691573981142,36497,4.504774705166582,793
2026-03-23,0.13.0,2017-10-26T03:39:03.857+00:00,585975,5,1,0.000853354451011481,36498,4.504817533776498,793
2026-03-24,0.13.0,2017-10-26T03:39:03.857+00:00,586163,5,1,0.0015355531745002628,36507,4.5048955138324835,794
2026-03-27,0.13.0,2017-10-26T03:39:03.857+00:00,586748,5,1,0.0008522533578782301,36526,4.504927652589389,794
2026-03-28,0.13.0,2017-10-26T03:39:03.857+00:00,586887,5,1,0.0008519992161607211,36533,4.5048750726589954,794
2026-03-29,0.13.0,2017-10-26T03:39:03.857+00:00,586983,5,1,0.0006814739600281448,36533,4.504819277108433,795
2026-03-30,0.13.0,2017-10-26T03:39:03.857+00:00,587132,5,1,0.0005110192790540011,36536,4.505005372673402,796
2026-03-31,0.13.0,2017-10-26T03:39:03.857+00:00,587299,5,1,0.0011920006538975016,36542,4.504957965575315,797
2026-04-01,0.13.0,2017-10-26T03:39:03.857+00:00,587492,5,1,0.00017023652663009987,36550,4.504928209668524,797
2026-04-02,0.13.0,2017-10-26T03:39:03.857+00:00,587697,5,1,0.0005105279369395893,36552,4.504805401934588,797
2026-04-03,0.13.0,2017-10-26T03:39:03.857+00:00,587867,5,1,0.0008506121004674963,36552,4.504530589313019,798
2026-04-04,0.13.0,2017-10-26T03:39:03.857+00:00,587989,5,1,0,36553,4.5045079481866175,799
2026-04-05,0.13.0,2017-10-26T03:39:03.857+00:00,588107,5,1,0.0006801841938797026,36553,4.504374082448223,799
2026-04-06,0.13.0,2017-10-26T03:39:03.857+00:00,588231,5,1,0.0015301516380273287,36553,4.50443195603426,800
2026-04-07,0.13.0,2017-10-26T03:39:03.857+00:00,588437,5,1,0.0008498212825842724,36555,4.504433903660912,802
2026-04-08,0.13.0,2017-10-26T03:39:03.857+00:00,588657,5,1,0.0008494892021427515,36555,4.504505202371178,803
2026-04-09,0.13.0,2017-10-26T03:39:03.857+00:00,588834,5,1,0.0013587579593493588,36555,4.504476838176048,806
2026-04-10,0.13.0,2017-10-26T03:39:03.857+00:00,589020,5,1,0.000509374182878915,36556,4.504364120151303,807
2026-04-11,0.13.0,2017-10-26T03:39:03.857+00:00,589148,5,1,0.0005092315187151071,36556,4.504317667571398,808
2026-04-12,0.13.0,2017-10-26T03:39:03.857+00:00,589255,5,1,0.00033943179118156206,36556,4.504338442010141,809
2026-04-13,0.13.0,2017-10-26T03:39:03.857+00:00,589372,5,1,0.0006787737273841078,36558,4.504383144491737,810
2026-04-16,0.13.0,2017-10-26T03:39:03.857+00:00,589945,5,1,0.001186680025293237,36561,4.504364043438041,813
2026-04-17,0.13.0,2017-10-26T03:39:03.857+00:00,590141,5,1,0.001864157172175251,36561,4.504373810967474,814
2026-04-18,0.13.0,2017-10-26T03:39:03.857+00:00,590284,5,1,0.00016941973739940702,36561,4.504343554918412,815
2026-04-19,0.13.0,2017-10-26T03:39:03.857+00:00,590366,5,1,0.00033878207842805115,36562,4.50424693055221,816
2026-04-21,0.13.0,2017-10-26T03:39:03.857+00:00,590720,5,1,0.0008465264480258157,36563,4.5041296381767175,818
2026-04-22,0.13.0,2017-10-26T03:39:03.857+00:00,590896,5,1,0.0008462499280687562,36565,4.504112012345447,819
2026-04-23,0.13.0,2017-10-26T03:39:03.857+00:00,591062,5,1,0.0008460193941485915,36568,4.503153092028727,820
2026-04-24,0.13.0,2017-10-26T03:39:03.857+00:00,591243,5,1,0.00033829842657401803,36568,4.504099600551742,821
2026-04-25,0.13.0,2017-10-26T03:39:03.857+00:00,591389,5,1,0.0005073094841508062,36570,4.5040416440802264,822
2026-04-26,0.13.0,2017-10-26T03:39:03.857+00:00,591486,5,1,0.00033814513865641413,36571,4.50407582398816,823
2026-04-27,0.13.0,2017-10-26T03:39:03.857+00:00,591636,5,1,0.00016904656049415693,36572,4.503958915826727,825
2026-04-29,0.13.0,2017-10-26T03:39:03.857+00:00,591986,5,1,0.0008447044632494429,36576,4.50389499932345,829
2026-04-30,0.13.0,2017-10-26T03:39:03.857+00:00,592153,5,1,0.0008444619341893925,36578,4.503974712725954,830
2026-05-01,0.13.0,2017-10-26T03:39:03.857+00:00,592254,5,1,0.00016885274689648651,36578,4.503871540711936,831
2026-05-02,0.13.0,2017-10-26T03:39:03.857+00:00,592356,5,1,0.0006752992419766008,36580,4.503854638989774,832
2026-05-03,0.13.0,2017-10-26T03:39:03.857+00:00,592437,5,1,0.0003376057338957845,36580,4.503891354141311,833
2026-05-06,0.13.0,2017-10-26T03:39:03.857+00:00,592948,5,1,0.00016866762694768943,36584,4.504083809031638,835
2026-05-07,0.13.0,2017-10-26T03:39:03.857+00:00,593148,5,1,0.0010116491398453188,36585,4.504025137427831,835
2026-05-08,0.13.0,2017-10-26T03:39:03.857+00:00,593306,5,1,0.0008427965337464161,36586,4.504069471016868,835
2026-05-09,0.13.0,2017-10-26T03:39:03.857+00:00,593436,5,1,0.0008425905953408111,36586,4.503942976749448,835
2026-05-10,0.13.0,2017-10-26T03:39:03.857+00:00,593503,5,1,0.0001684968229924025,36586,4.503901387669048,835
2026-05-11,0.13.0,2017-10-26T03:39:03.857+00:00,593621,5,1,0.0005054265968953329,36587,4.50396054663403,835
2026-05-14,0.13.0,2017-10-26T03:39:03.857+00:00,594122,5,1,0.0005049884441811023,36592,4.503986973383855,835
2026-05-15,0.13.0,2017-10-26T03:39:03.857+00:00,594261,5,1,0.00033657341339292927,36594,4.504005499448587,835
2026-05-16,0.13.0,2017-10-26T03:39:03.857+00:00,594398,5,1,0.001177743342805755,36595,4.503929660986353,835
2026-05-17,0.13.0,2017-10-26T03:39:03.857+00:00,594487,5,1,0.00033643866218530365,36596,4.50379692580133,835
2026-05-18,0.13.0,2017-10-26T03:39:03.857+00:00,594636,5,1,0.00016819811046242707,36598,4.5037657738821775,835
2026-05-19,0.13.0,2017-10-26T03:39:03.857+00:00,594807,5,1,0.0008407642883686987,36601,4.5036424611732855,835
2026-05-20,0.13.0,2017-10-26T03:39:03.857+00:00,595010,5,1,0.0008404802167766574,36604,4.5036046416628395,836
2026-05-21,0.13.0,2017-10-26T03:39:03.857+00:00,595193,5,1,0.0005041262735489985,36608,4.503653120242159,836
2026-05-22,0.13.0,2017-10-26T03:39:03.857+00:00,595300,5,1,0.0006719775290714279,36610,4.503706038281658,840
2026-05-23,0.13.0,2017-10-26T03:39:03.857+00:00,595417,5,1,0.0008397814552740796,36613,4.503717060232235,840
2026-05-24,0.13.0,2017-10-26T03:39:03.857+00:00,595504,5,1,0.0003358668892344586,36613,4.5037974370392355,840
2026-05-25,0.13.0,2017-10-26T03:39:03.857+00:00,595606,5,1,0.0008395558413776776,36613,4.503837389563335,840
2026-05-26,0.13.0,2017-10-26T03:39:03.857+00:00,595810,5,1,0.0013428924897058898,36617,4.503854365659063,840
2026-05-27,0.13.0,2017-10-26T03:39:03.857+00:00,595960,5,1,0.0010069023153718743,36624,4.503873400590205,840
2026-05-28,0.13.0,2017-10-26T03:39:03.857+00:00,596100,5,1,0.0003355620244456935,36625,4.503863306586284,841
2026-05-29,0.13.0,2017-10-26T03:39:03.857+00:00,596235,5,1,0.001341905875367137,36626,4.50382977099922,843
2026-05-30,0.13.0,2017-10-26T03:39:03.857+00:00,596314,5,1,0.0001677044778772638,36628,4.503845711673971,843
2026-05-31,0.13.0,2017-10-26T03:39:03.857+00:00,596389,5,1,0.0001676833869361227,36631,4.503839176191725,843
2026-06-01,0.13.0,2017-10-26T03:39:03.857+00:00,596540,5,1,0.0003353201049551929,36633,4.503862242482144,843
2026-06-02,0.13.0,2017-10-26T03:39:03.857+00:00,596707,5,1,0.0006704569834799399,36635,4.503781509546583,844
2026-06-03,0.13.0,2017-10-26T03:39:03.857+00:00,596888,5,1,0.000502677595994665,36636,4.503716655709269,844
2026-06-04,0.13.0,2017-10-26T03:39:03.857+00:00,597023,5,1,0.0003350302616083798,36636,4.5037132858958895,844
2026-06-05,0.13.0,2017-10-26T03:39:03.857+00:00,597124,5,1,0.0005024485995082702,36636,4.503605249874365,844
2026-06-06,0.13.0,2017-10-26T03:39:03.857+00:00,597238,5,1,0.000669768812550128,36639,4.503430320908198,844
2026-06-07,0.13.0,2017-10-26T03:39:03.857+00:00,597317,5,1,0.00016742201900909603,36639,4.5034299942693785,844
2026-06-08,0.13.0,2017-10-26T03:39:03.857+00:00,597470,5,1,0.000502202997147487,36640,4.5034053148262,844
2026-06-09,0.13.0,2017-10-26T03:39:03.857+00:00,597599,5,1,0.00016735561394406974,36642,4.503262384108327,845
2026-06-10,0.13.0,2017-10-26T03:39:03.857+00:00,597791,5,1,0.0006692499715568762,36649,4.503080150882752,846
2026-06-11,0.13.0,2017-10-26T03:39:03.857+00:00,597945,5,1,0.0006690652656440004,36652,4.502745726328849,846
2026-06-12,0.13.0,2017-10-26T03:39:03.857+00:00,598071,5,1,0.0008361287905898722,36654,4.502834026157238,848
2026-06-13,0.13.0,2017-10-26T03:39:03.857+00:00,598145,5,1,0,36655,4.502656389238906,849
2026-06-14,0.13.0,2017-10-26T03:39:03.857+00:00,598213,5,1,0,36656,4.502586880288117,850
2026-06-15,0.13.0,2017-10-26T03:39:03.857+00:00,598347,5,1,0.0005014500263261264,36659,4.502623544965589,850
2026-06-16,0.13.0,2017-10-26T03:39:03.857+00:00,598475,5,1,0.0008355656863252991,36662,4.502508086560997,850
2026-06-17,0.13.0,2017-10-26T03:39:03.857+00:00,598602,5,1,0.0010024643916294223,36665,4.502569957797357,852
2026-06-18,0.13.0,2017-10-26T03:39:03.857+00:00,598767,5,1,0.0006681354511000015,36669,4.502570903681409,854
2026-06-19,0.13.0,2017-10-26T03:39:03.857+00:00,598885,5,1,0.0006679747839519058,36673,4.502414483227145,854
2026-06-20,0.13.0,2017-10-26T03:39:03.857+00:00,598957,5,1,0.00016696274727182872,36673,4.502222375491629,854
2026-06-21,0.13.0,2017-10-26T03:39:03.857+00:00,599025,5,1,0.00016694239986377501,36673,4.502203292288616,854
2026-06-22,0.13.0,2017-10-26T03:39:03.857+00:00,599157,5,1,0.00016692595832192673,36676,4.50205740953764,854
2026-06-23,0.13.0,2017-10-26T03:39:03.857+00:00,599272,5,1,0.0006675344614665732,36677,4.501935152519366,854
2026-06-24,0.13.0,2017-10-26T03:39:03.857+00:00,599382,5,1,0.0001668485315660737,36680,4.5019545412870805,854
2026-06-25,0.13.0,2017-10-26T03:39:03.857+00:00,599511,5,1,0.0008340770520380672,36681,4.501939672410881,854
2026-06-26,0.13.0,2017-10-26T03:39:03.857+00:00,599624,5,1,0.00033356683011441344,36681,4.501979953938031,854
2026-06-27,0.13.0,2017-10-26T03:39:03.857+00:00,599700,5,1,0.0003335117621260708,36682,4.501913773339291,854
2026-06-28,0.13.0,2017-10-26T03:39:03.857+00:00,599765,5,1,0.00016673558404140378,36683,4.501775784952443,855
2026-06-29,0.13.0,2017-10-26T03:39:03.857+00:00,599873,5,1,0.00033344059005646816,36685,4.501820112618947,855
2026-06-30,0.13.0,2017-10-26T03:39:03.857+00:00,599971,5,1,0.0005000683426734987,36687,4.501665054488658,855
2026-07-01,0.13.0,2017-10-26T03:39:03.857+00:00,600124,5,1,0.0003332927827114368,36691,4.5017097054826465,855
2026-07-02,0.13.0,2017-10-26T03:39:03.857+00:00,600253,5,1,0.0006664334149714266,36695,4.501613195456789,855
2026-07-03,0.13.0,2017-10-26T03:39:03.857+00:00,600369,5,1,0.0006662968719027606,36698,4.501516850446745,855
2026-07-04,0.13.0,2017-10-26T03:39:03.857+00:00,600461,5,1,0.00033308962275934773,36703,4.5015255916687025,855
2026-07-05,0.13.0,2017-10-26T03:39:03.857+00:00,600524,5,1,0.0006661071366718623,36704,4.501438228182627,855
2026-07-06,0.13.0,2017-10-26T03:39:03.857+00:00,600666,5,1,0,36705,4.501400730816078,855
2026-07-07,0.13.0,2017-10-26T03:39:03.857+00:00,600761,5,1,0.00033294268058810993,36708,4.501395221159987,855
2026-07-08,0.13.0,2017-10-26T03:39:03.857+00:00,600895,5,1,0.0004992984856276931,36710,4.501352227634575,855
2026-07-09,0.13.0,2017-10-26T03:39:03.857+00:00,601052,5,1,0.00033279309920229493,36714,4.501353322568708,855
2026-07-10,0.13.0,2017-10-26T03:39:03.857+00:00,601137,5,1,0.0001663619470336833,36715,4.5013679935946485,855
2026-07-11,0.13.0,2017-10-26T03:39:03.857+00:00,601241,5,1,0.0011643011947393544,36715,4.501377829248675,855
2026-07-12,0.13.0,2017-10-26T03:39:03.857+00:00,601298,5,1,0.000665248578446944,36715,4.501277669954419,855
2026-07-13,0.13.0,2017-10-26T03:39:03.857+00:00,601381,5,1,0.00016629555042995713,36715,4.501304099696087,856
2026-07-14,0.13.0,2017-10-26T03:39:03.857+00:00,601500,5,1,0.0009975675976743375,36717,4.501295419060195,858
2026-07-15,0.13.0,2017-10-26T03:39:03.857+00:00,601627,5,1,0.0004986876204122817,36719,4.501306525228111,858
2026-07-16,0.13.0,2017-10-26T03:39:03.857+00:00,601751,5,1,0.000664776485526154,36723,4.501312987817196,860
2026-07-17,0.13.0,2017-10-26T03:39:03.857+00:00,601880,5,1,0.0003323186537106701,36728,4.5011017845931125,861
2026-07-18,0.13.0,2017-10-26T03:39:03.857+00:00,601979,5,1,0.00016612482286940762,36729,4.5010818111774835,862
2026-07-19,0.13.0,2017-10-26T03:39:03.857+00:00,602033,5,1,0.00033221653209128643,36730,4.501065879397373,862
2026-07-20,0.13.0,2017-10-26T03:39:03.857+00:00,602111,5,1,0,36730,4.501065082494277,862
2026-07-21,0.13.0,2017-10-26T03:39:03.857+00:00,602250,5,1,0.00033211943679185905,36733,4.501062875843866,863
2026-07-22,0.13.0,2017-10-26T03:39:03.857+00:00,602376,5,1,0.00016602056994861664,36735,4.501141769481011,866
2026-07-23,0.13.0,2017-10-26T03:39:03.857+00:00,602511,5,1,0.0014938577548645818,36736,4.5012115338017935,871
2026-07-24,0.13.0,2017-10-26T03:39:03.857+00:00,602617,5,1,0.0004978534219954961,36739,4.501317985826972,872
2026-07-25,0.13.0,2017-10-26T03:39:03.857+00:00,602706,5,1,0.0004977765978628791,36740,4.50119428942531,875
2026-07-26,0.13.0,2017-10-26T03:39:03.857+00:00,602764,5,1,0.0004977212661365383,36740,4.501216009507983,876
2026-07-27,0.13.0,2017-10-26T03:39:03.857+00:00,602845,5,1,0.00016589195125430903,36740,4.501182316636388,877
2026-07-28,0.13.0,2017-10-26T03:39:03.857+00:00,602954,5,1,0.0004975817526819656,36743,4.501265987073953,878
2026-07-29,0.13.0,2017-10-26T03:39:03.857+00:00,603099,5,1,0.0008291090228618522,36746,4.501286260081294,879
2026-07-30,0.13.0,2017-10-26T03:39:03.857+00:00,603212,5,1,0.0009947312401977525,36756,4.501255832614275,881
2026-07-31,0.13.0,2017-10-26T03:39:03.857+00:00,603337,5,1,0.0004972658665106357,36760,4.501234084919988,883
2026-08-01,0.13.0,2017-10-26T03:39:03.857+00:00,603412,5,1,0.0004971908715755978,36766,4.5012024314493235,885
2026-08-02,0.13.0,2017-10-26T03:39:03.857+00:00,603481,5,1,0.00016571024238437154,36766,4.50129939171333,886
2026-08-03,0.13.0,2017-10-26T03:39:03.857+00:00,603556,5,1,0.00016569431718200362,36767,4.501318187584051,887
2026-08-04,0.13.0,2017-10-26T03:39:03.857+00:00,603705,5,1,0.0009939419239733823,36776,4.501335937684422,891
2026-08-05,0.13.0,2017-10-26T03:39:03.857+00:00,603843,5,1,0.001324939839450415,36783,4.50137970548721,894
2026-08-06,0.13.0,2017-10-26T03:39:03.857+00:00,603962,5,1,0.0004967520693863291,36787,4.50137970548721,895
2026-08-07,0.13.0,2017-10-26T03:39:03.857+00:00,604059,5,1,0.0009933232124734906,36802,4.501338051373935,896
2026-08-08,0.13.0,2017-10-26T03:39:03.857+00:00,604161,5,1,0.0001655259172204888,36802,4.501394849197345,900
2026-08-09,0.13.0,2017-10-26T03:39:03.857+00:00,604230,5,1,0.00016550482281053668,36807,4.501444358235911,901
2026-08-10,0.13.0,2017-10-26T03:39:03.857+00:00,604311,5,1,0.0004964651680038129,36807,4.501250268970717,902
2026-08-11,0.13.0,2017-10-26T03:39:03.857+00:00,604456,5,1,0.00033090449434484216,36808,4.501387651191539,904
2026-08-12,0.13.0,2017-10-26T03:39:03.857+00:00,604595,5,1,0.0008270874446471728,36808,4.501388727649481,905
2026-08-13,0.13.0,2017-10-26T03:39:03.857+00:00,604709,5,1,0.0013230291413706251,36808,4.501374988778952,906
2026-08-14,0.13.0,2017-10-26T03:39:03.857+00:00,604830,5,1,0.0004960391275663825,36808,4.501368489824149,907
2026-08-15,0.13.0,2017-10-26T03:39:03.857+00:00,604920,5,1,0.00033063370909854376,36808,4.501375752834926,909
2026-08-16,0.13.0,2017-10-26T03:39:03.857+00:00,604992,5,1,0.00016529827246775444,36808,4.501418642959177,911
2026-08-17,0.13.0,2017-10-26T03:39:03.857+00:00,605036,5,1,0.0003305653990585497,36808,4.501418642959177,911
2026-08-18,0.13.0,2017-10-26T03:39:03.857+00:00,605167,5,1,0.0008262673702057901,36811,4.5014105555801525,915
2026-08-19,0.13.0,2017-10-26T03:39:03.857+00:00,605316,5,1,0.0006608675538813578,36813,4.501370554713986,916
2026-08-20,0.13.0,2017-10-26T03:39:03.857+00:00,605423,5,1,0.0006607300075488403,36816,4.501347679445676,918
2026-08-21,0.13.0,2017-10-26T03:39:03.857+00:00,605532,5,1,0.0008257624677746197,36824,4.501358645199199,920
2026-08-22,0.13.0,2017-10-26T03:39:03.857+00:00,605623,5,1,0.00033024826413256163,36825,4.501331391470579,921
2026-08-23,0.13.0,2017-10-26T03:39:03.857+00:00,605678,5,1,0.00016510995497451527,36825,4.501357300113408,922
2026-08-24,0.13.0,2017-10-26T03:39:03.857+00:00,605760,5,1,0,36825,4.501365240603194,923
2026-08-25,0.13.0,2017-10-26T03:39:03.857+00:00,605885,5,1,0.00016506008186980062,36826,4.501389726118941,924
2026-08-26,0.13.0,2017-10-26T03:39:03.857+00:00,605999,5,1,0.0009901610992108416,36826,4.501415256409558,925
2026-08-27,0.13.0,2017-10-26T03:39:03.857+00:00,606162,5,1,0.00032999651853672944,36830,4.501358642317237,927
2026-08-28,0.13.0,2017-10-26T03:39:03.857+00:00,606239,5,1,0.0008248293428089727,36830,4.501258841865484,928
2026-08-29,0.13.0,2017-10-26T03:39:03.857+00:00,606299,5,1,0.0006597861962830945,36831,4.501258841865484,929
2026-08-30,0.13.0,2017-10-26T03:39:03.857+00:00,606362,5,1,0.0001649269620948363,36831,4.501258729524876,930
2026-08-31,0.13.0,2017-10-26T03:39:03.857+00:00,606456,5,1,0.0001649117309959844,36831,4.501258729524876,932
2026-09-01,0.13.0,2017-10-26T03:39:03.857+00:00,606602,5,1,0.00049463078285214,36831,4.501258729524876,933
2026-09-02,0.13.0,2017-10-26T03:39:03.857+00:00,606729,5,1,0.0003296777564769316,36831,4.501258729524876,934
2026-09-03,0.13.0,2017-10-26T03:39:03.857+00:00,606869,5,1,0.0004944082427742235,36831,4.501251891444683,936
2026-09-04,0.13.0,2017-10-26T03:39:03.857+00:00,606980,5,1,0.0008238263769434064,36831,4.501232176954755,938
2026-09-05,0.13.0,2017-10-26T03:39:03.857+00:00,607042,5,1,0.0003294795212003598,36832,4.501253337248313,939
2026-09-06,0.13.0,2017-10-26T03:39:03.857+00:00,607114,5,1,0.0003294409880594114,36832,4.501253337248313,940
2026-09-07,0.13.0,2017-10-26T03:39:03.857+00:00,607179,5,1,0.00016470855644479875,36832,4.501253337248313,941
2026-09-08,0.13.0,2017-10-26T03:39:03.857+00:00,607306,5,1,0.0004940548730278977,36833,4.501253337248313,943
2026-09-09,0.13.0,2017-10-26T03:39:03.857+00:00,607434,5,1,0.000987872222020989,36834,4.501253337248313,945
2026-09-10,0.13.0,2017-10-26T03:39:03.857+00:00,607539,5,1,0.0008230696547387411,36834,4.501253337248313,964
2026-09-11,0.13.0,2017-10-26T03:39:03.857+00:00,607647,5,1,0.00032916771588876103,36834,4.501253337248313,965
2026-09-12,0.13.0,2017-10-26T03:39:03.857+00:00,607729,5,1,0,36835,4.501253337248313,966
2026-09-13,0.13.0,2017-10-26T03:39:03.857+00:00,607789,5,1,0.000164538633671186,36835,4.501253337248313,967
2026-09-14,0.13.0,2017-10-26T03:39:03.857+00:00,607892,5,1,0.0003290388282269249,36835,4.500440601212006,968
2026-09-15,0.13.0,2017-10-26T03:39:03.857+00:00,608038,5,1,0.00032896738781800866,36835,4.500440601212006,969
2026-09-16,0.13.0,2017-10-26T03:39:03.857+00:00,608170,5,1,0.0006577811397702699,36835,4.500440601212006,972
2026-09-17,0.13.0,2017-10-26T03:39:03.857+00:00,608308,5,1,0.00016441284064285422,36835,4.500440601212006,975
2026-09-18,0.13.0,2017-10-26T03:39:03.857+00:00,608408,5,1,0.00032875757580738755,36835,4.500440601212006,976
2026-09-19,0.13.0,2017-10-26T03:39:03.857+00:00,608499,5,1,0.0004930512641834414,36835,4.500440601212006,977
2026-09-20,0.13.0,2017-10-26T03:39:03.857+00:00,608545,5,1,0,36835,4.500317674890166,978
2026-09-21,0.13.0,2017-10-26T03:39:03.857+00:00,608630,5,1,0.0004929589036593982,36835,4.5003470637970295,981
2026-09-22,0.13.0,2017-10-26T03:39:03.857+00:00,608759,5,1,0.0008214550926929927,36836,4.500434475290028,983
2026-09-23,0.13.0,2017-10-26T03:39:03.857+00:00,608863,5,1,0.0003285124136628313,36837,4.500278199428475,985
2026-09-24,0.13.0,2017-10-26T03:39:03.857+00:00,608976,5,1,0.0003284536075701988,36839,4.500165218574455,987
2026-09-25,0.13.0,2017-10-26T03:39:03.857+00:00,609093,5,1,0.0003283937440991749,36844,4.500119274937907,988
2026-09-26,0.13.0,2017-10-26T03:39:03.857+00:00,609188,5,1,0.00016416398668958398,36847,4.499974372047728,991
2026-09-27,0.13.0,2017-10-26T03:39:03.857+00:00,609243,5,1,0.00032829186459930337,36848,4.499969791909411,994
2026-09-28,0.13.0,2017-10-26T03:39:03.857+00:00,609372,5,1,0.0004923941516705292,36850,4.5000188753525645,1012
2026-09-29,0.13.0,2017-10-26T03:39:03.857+00:00,609479,5,1,0.0008204845453531036,36857,4.500064696304763,1014
2026-09-30,0.13.0,2017-10-26T03:39:03.857+00:00,609603,5,1,0.0006562433350286286,36859,4.5000587386389235,1017
2026-10-01,0.13.0,2017-10-26T03:39:03.857+00:00,609712,5,1,0.0014762689762074649,36862,4.5000794542168645,1018
2026-10-02,0.13.0,2017-10-26T03:39:03.857+00:00,609825,5,1,0.0004919960443518034,36867,4.499713834525824,1021
2026-10-03,0.13.0,2017-10-26T03:39:03.857+00:00,609906,5,1,0.00016396990824243935,36868,4.499149778834875,1039
2026-10-04,0.13.0,2017-10-26T03:39:03.857+00:00,609955,5,1,0,36868,4.49862712410895,1040
2026-10-06,0.13.0,2017-10-26T03:39:03.857+00:00,610136,5,1,0.00016391561624075926,36876,4.498303487225449,1042
2026-10-07,0.13.0,2017-10-26T03:39:03.857+00:00,610246,5,1,0.00032777105847107914,36888,4.498303910792377,1043
2026-10-08,0.13.0,2017-10-26T03:39:03.857+00:00,610367,5,1,0.0004915599162381903,36891,4.498356235661408,1044
2026-10-09,0.13.0,2017-10-26T03:39:03.857+00:00,610462,5,1,0.00016382807226783923,36897,4.498309772587584,1045
2026-10-10,0.13.0,2017-10-26T03:39:03.857+00:00,610516,5,1,0.000327605157160384,36903,4.49823497310026,1046
