date,version,lastUpdated,install,averagerating,ratingcount,trendingdaily,updateCount,weightedRating,downloadCount
2024-11-26,1.0.26,2024-08-20T18:55:01.43+00:00,904,5,1,0,813,4.457458844826611,136
2024-11-26,1.0.26,2024-08-20T18:55:01.43+00:00,905,5,1,0,813,4.457458844826611,136
2024-11-27,1.0.26,2024-08-20T18:55:01.43+00:00,913,5,1,0,814,4.457458844826611,136
2024-11-28,1.0.26,2024-08-20T18:55:01.43+00:00,915,5,1,0.10940919037199125,814,4.457458844826611,136
2024-11-29,1.0.26,2024-08-20T18:55:01.43+00:00,923,5,1,0,814,4.457458844826611,136
2024-11-30,1.0.26,2024-08-20T18:55:01.43+00:00,925,5,1,0,814,4.457458844826611,136
2024-12-01,1.0.26,2024-08-20T18:55:01.43+00:00,930,5,1,0,815,4.457458844826611,136
2024-12-02,1.0.26,2024-08-20T18:55:01.43+00:00,932,5,1,0,815,4.457458844826611,136
2024-12-03,1.0.26,2024-08-20T18:55:01.43+00:00,935,5,1,0,815,4.457458844826611,136
2024-12-04,1.0.26,2024-08-20T18:55:01.43+00:00,940,5,1,0,815,4.457458844826611,136
2024-12-05,1.0.26,2024-08-20T18:55:01.43+00:00,944,5,1,0,815,4.457458844826611,136
2024-12-06,1.0.26,2024-08-20T18:55:01.43+00:00,944,5,1,0,815,4.457458844826611,136
2024-12-07,1.0.26,2024-08-20T18:55:01.43+00:00,946,5,1,0,815,4.457458844826611,136
2024-12-08,1.0.26,2024-08-20T18:55:01.43+00:00,947,5,1,0,815,4.457458844826611,136
2024-12-09,1.0.26,2024-08-20T18:55:01.43+00:00,952,5,1,0,816,4.457458844826611,136
2024-12-10,1.0.26,2024-08-20T18:55:01.43+00:00,955,5,1,0,818,4.457458844826611,136
2024-12-11,1.0.26,2024-08-20T18:55:01.43+00:00,957,5,1,0,819,4.457458844826611,136
2024-12-12,1.0.26,2024-08-20T18:55:01.43+00:00,960,5,1,0,820,4.457458844826611,136
2024-12-13,1.0.26,2024-08-20T18:55:01.43+00:00,963,5,1,0.10384215991692627,820,4.457458844826611,136
2024-12-14,1.0.26,2024-08-20T18:55:01.43+00:00,965,5,1,0,820,4.457458844826611,136
2024-12-15,1.0.26,2024-08-20T18:55:01.43+00:00,967,5,1,0,821,4.457458844826611,136
2024-12-16,1.0.26,2024-08-20T18:55:01.43+00:00,971,5,1,0,821,4.457458844826611,136
2024-12-17,1.0.26,2024-08-20T18:55:01.43+00:00,973,5,1,0,821,4.457458844826611,136
2024-12-17,1.0.26,2024-08-20T18:55:01.43+00:00,974,5,1,0,821,4.457458844826611,136
2024-12-18,1.0.26,2024-08-20T18:55:01.43+00:00,982,5,1,0.10214504596527069,821,4.457458844826611,136
2024-12-19,1.0.26,2024-08-20T18:55:01.43+00:00,984,5,1,0,821,4.457458844826611,136
2024-12-20,1.0.26,2024-08-20T18:55:01.43+00:00,986,5,1,0,821,4.457458844826611,136
2024-12-21,1.0.26,2024-08-20T18:55:01.43+00:00,987,5,1,0,821,4.457458844826611,142
2024-12-22,1.0.26,2024-08-20T18:55:01.43+00:00,987,5,1,0,821,4.457458844826611,142
2024-12-23,1.0.26,2024-08-20T18:55:01.43+00:00,990,5,1,0,821,4.457458844826611,142
2024-12-24,1.0.26,2024-08-20T18:55:01.43+00:00,991,5,1,0,821,4.457458844826611,142
2024-12-25,1.0.26,2024-08-20T18:55:01.43+00:00,993,5,1,0,821,4.457458844826611,142
2024-12-26,1.0.26,2024-08-20T18:55:01.43+00:00,996,5,1,0,821,4.457458844826611,142
2024-12-27,1.0.26,2024-08-20T18:55:01.43+00:00,997,5,1,0,821,4.457458844826611,142
2024-12-28,1.0.26,2024-08-20T18:55:01.43+00:00,998,5,1,0,821,4.457458844826611,142
2024-12-29,1.0.26,2024-08-20T18:55:01.43+00:00,999,5,1,0,821,4.457458844826611,142
2024-12-30,1.0.26,2024-08-20T18:55:01.43+00:00,1002,5,1,0.09980039920159679,821,4.457458844826611,142
2024-12-31,1.0.26,2024-08-20T18:55:01.43+00:00,1004,5,1,0,821,4.457458844826611,142
2025-01-01,1.0.26,2024-08-20T18:55:01.43+00:00,1005,5,1,0,821,4.457458844826611,142
2025-01-02,1.0.26,2024-08-20T18:55:01.43+00:00,1008,5,1,0,822,4.457458844826611,142
2025-01-03,1.0.26,2024-08-20T18:55:01.43+00:00,1010,5,1,0,822,4.457458844826611,142
2025-01-04,1.0.26,2024-08-20T18:55:01.43+00:00,1011,5,1,0,822,4.457458844826611,144
2025-01-05,1.0.26,2024-08-20T18:55:01.43+00:00,1013,5,1,0,822,4.457458844826611,144
2025-01-06,1.0.26,2024-08-20T18:55:01.43+00:00,1014,5,1,0,823,4.457458844826611,144
2025-01-07,1.0.26,2024-08-20T18:55:01.43+00:00,1015,5,1,0,824,4.457458844826611,144
2025-01-08,1.0.26,2024-08-20T18:55:01.43+00:00,1017,5,1,0,825,4.457458844826611,144
2025-01-09,1.0.26,2024-08-20T18:55:01.43+00:00,1021,5,1,0,825,4.457458844826611,144
2025-01-10,1.0.26,2024-08-20T18:55:01.43+00:00,1024,5,1,0,826,4.457458844826611,144
2025-01-11,1.0.26,2024-08-20T18:55:01.43+00:00,1025,5,1,0,826,4.457458844826611,144
2025-01-12,1.0.26,2024-08-20T18:55:01.43+00:00,1030,5,1,0,826,4.457458844826611,144
2025-01-13,1.0.26,2024-08-20T18:55:01.43+00:00,1034,5,1,0,826,4.457458844826611,144
2025-01-14,1.0.26,2024-08-20T18:55:01.43+00:00,1039,5,1,0,826,4.457458844826611,144
2025-01-15,1.0.26,2024-08-20T18:55:01.43+00:00,1042,5,1,0,828,4.457458844826611,144
2025-01-16,1.0.26,2024-08-20T18:55:01.43+00:00,1044,5,1,0,828,4.457458844826611,144
2025-01-17,1.0.26,2024-08-20T18:55:01.43+00:00,1045,5,1,0,828,4.457458844826611,144
2025-01-18,1.0.26,2024-08-20T18:55:01.43+00:00,1048,5,1,0,828,4.457458844826611,144
2025-01-19,1.0.26,2024-08-20T18:55:01.43+00:00,1049,5,1,0,829,4.457458844826611,144
2025-01-20,1.0.26,2024-08-20T18:55:01.43+00:00,1051,5,1,0,829,4.457458844826611,144
2025-01-21,1.0.26,2024-08-20T18:55:01.43+00:00,1054,5,1,0,829,4.457458844826611,144
2025-01-22,1.0.26,2024-08-20T18:55:01.43+00:00,1056,5,1,0,829,4.457458844826611,170
2025-01-23,1.0.26,2024-08-20T18:55:01.43+00:00,1058,5,1,0,829,4.457458844826611,170
2025-01-24,1.0.26,2024-08-20T18:55:01.43+00:00,1060,5,1,0,829,4.457458844826611,170
2025-01-25,1.0.26,2024-08-20T18:55:01.43+00:00,1065,5,1,0,829,4.457458844826611,170
2025-01-26,1.0.26,2024-08-20T18:55:01.43+00:00,1067,5,1,0,829,4.457458844826611,170
2025-01-27,1.0.26,2024-08-20T18:55:01.43+00:00,1073,5,1,0,829,4.457458844826611,170
2025-01-28,1.0.26,2024-08-20T18:55:01.43+00:00,1076,5,1,0,830,4.457458844826611,170
2025-01-29,1.0.26,2024-08-20T18:55:01.43+00:00,1077,5,1,0,830,4.457458844826611,170
2025-01-30,1.0.26,2024-08-20T18:55:01.43+00:00,1082,5,1,0,830,4.457458844826611,170
2025-01-31,1.0.26,2024-08-20T18:55:01.43+00:00,1085,5,1,0,830,4.457458844826611,170
2025-02-01,1.0.26,2024-08-20T18:55:01.43+00:00,1088,5,1,0.09199632014719411,830,4.457458844826611,170
2025-02-02,1.0.26,2024-08-20T18:55:01.43+00:00,1089,5,1,0,830,4.457458844826611,170
2025-02-03,1.0.26,2024-08-20T18:55:01.43+00:00,1092,5,1,0,831,4.457458844826611,171
2025-02-04,1.0.26,2024-08-20T18:55:01.43+00:00,1100,5,1,0,831,4.457458844826611,171
2025-02-05,1.0.26,2024-08-20T18:55:01.43+00:00,1103,5,1,0,831,4.457458844826611,171
2025-02-06,1.0.26,2024-08-20T18:55:01.43+00:00,1107,5,1,0,831,4.457458844826611,171
2025-02-07,1.0.26,2024-08-20T18:55:01.43+00:00,1108,5,1,0.09025270758122744,831,4.457458844826611,171
2025-02-08,1.0.26,2024-08-20T18:55:01.43+00:00,1110,5,1,0,831,4.457458844826611,171
2025-02-09,1.0.26,2024-08-20T18:55:01.43+00:00,1110,5,1,0,831,4.457458844826611,171
2025-02-10,1.0.26,2024-08-20T18:55:01.43+00:00,1112,5,1,0,831,4.457458844826611,171
2025-02-11,1.0.26,2024-08-20T18:55:01.43+00:00,1114,5,1,0,831,4.457458844826611,171
2025-02-12,1.0.26,2024-08-20T18:55:01.43+00:00,1117,5,1,0,831,4.457458844826611,171
2025-02-13,1.0.26,2024-08-20T18:55:01.43+00:00,1117,5,1,0,832,4.457458844826611,196
2025-02-14,1.0.26,2024-08-20T18:55:01.43+00:00,1120,5,1,0,832,4.457458844826611,196
2025-02-15,1.0.26,2024-08-20T18:55:01.43+00:00,1121,5,1,0,832,4.457458844826611,222
2025-02-16,1.0.26,2024-08-20T18:55:01.43+00:00,1122,5,1,0,832,4.457458844826611,222
2025-02-17,1.0.26,2024-08-20T18:55:01.43+00:00,1123,5,1,0,832,4.457458844826611,222
2025-02-18,1.0.26,2024-08-20T18:55:01.43+00:00,1123,5,1,0,832,4.457458844826611,222
2025-02-19,1.0.26,2024-08-20T18:55:01.43+00:00,1126,5,1,0,832,4.457458844826611,222
2025-02-20,1.0.26,2024-08-20T18:55:01.43+00:00,1130,5,1,0.08849557522123894,832,4.457458844826611,222
2025-02-21,1.0.26,2024-08-20T18:55:01.43+00:00,1130,5,1,0,832,4.457458844826611,222
2025-02-22,1.0.26,2024-08-20T18:55:01.43+00:00,1133,5,1,0,832,4.457458844826611,222
2025-02-23,1.0.26,2024-08-20T18:55:01.43+00:00,1135,5,1,0,832,4.457458844826611,222
2025-02-24,1.0.26,2024-08-20T18:55:01.43+00:00,1135,5,1,0,832,4.457458844826611,222
2025-02-25,1.0.26,2024-08-20T18:55:01.43+00:00,1136,5,1,0,832,4.457458844826611,222
2025-02-26,1.0.26,2024-08-20T18:55:01.43+00:00,1137,5,1,0,833,4.457458844826611,222
2025-02-27,1.0.26,2024-08-20T18:55:01.43+00:00,1140,5,1,0,833,4.457458844826611,222
2025-02-28,1.0.26,2024-08-20T18:55:01.43+00:00,1142,5,1,0,833,4.457458844826611,222
2025-03-01,1.0.26,2024-08-20T18:55:01.43+00:00,1142,5,1,0,833,4.457458844826611,222
2025-03-02,1.0.26,2024-08-20T18:55:01.43+00:00,1144,5,1,0,833,4.457458844826611,222
2025-03-03,1.0.26,2024-08-20T18:55:01.43+00:00,1145,5,1,0,833,4.457458844826611,222
2025-03-04,1.0.26,2024-08-20T18:55:01.43+00:00,1145,5,1,0,833,4.457458844826611,222
2025-03-05,1.0.26,2024-08-20T18:55:01.43+00:00,1145,5,1,0,833,4.457458844826611,247
2025-03-06,1.0.26,2024-08-20T18:55:01.43+00:00,1145,5,1,0,834,4.457458844826611,247
2025-03-07,1.0.26,2024-08-20T18:55:01.43+00:00,1146,5,1,0,834,4.457458844826611,247
2025-03-08,1.0.26,2024-08-20T18:55:01.43+00:00,1146,5,1,0,834,4.457458844826611,247
2025-03-09,1.0.26,2024-08-20T18:55:01.43+00:00,1147,5,1,0,834,4.457458844826611,247
2025-03-10,1.0.26,2024-08-20T18:55:01.43+00:00,1147,5,1,0,835,4.457458844826611,247
2025-03-11,1.0.26,2024-08-20T18:55:01.43+00:00,1148,5,1,0,835,4.457458844826611,247
2025-03-12,1.0.26,2024-08-20T18:55:01.43+00:00,1149,5,1,0,835,4.457458844826611,247
2025-03-13,1.0.26,2024-08-20T18:55:01.43+00:00,1151,5,1,0,835,4.457458844826611,248
2025-03-14,1.0.26,2024-08-20T18:55:01.43+00:00,1152,5,1,0,835,4.457458844826611,250
2025-03-15,1.0.26,2024-08-20T18:55:01.43+00:00,1154,5,1,0,835,4.457458844826611,252
2025-03-16,1.0.26,2024-08-20T18:55:01.43+00:00,1158,5,1,0,835,4.457458844826611,253
2025-03-17,1.0.26,2024-08-20T18:55:01.43+00:00,1161,5,1,0,835,4.457458844826611,254
2025-03-18,1.0.26,2024-08-20T18:55:01.43+00:00,1162,5,1,0,835,4.457458844826611,255
2025-03-19,1.0.26,2024-08-20T18:55:01.43+00:00,1163,5,1,0,835,4.457458844826611,257
2025-03-20,1.0.26,2024-08-20T18:55:01.43+00:00,1164,5,1,0,835,4.457458844826611,259
2025-03-21,1.0.26,2024-08-20T18:55:01.43+00:00,1166,5,1,0,835,4.457458844826611,260
2025-03-22,1.0.26,2024-08-20T18:55:01.43+00:00,1169,5,1,0,835,4.457458844826611,262
2025-03-23,1.0.26,2024-08-20T18:55:01.43+00:00,1169,5,1,0,835,4.457458844826611,264
2025-03-24,1.0.26,2024-08-20T18:55:01.43+00:00,1171,5,1,0.08539709649871904,835,4.457458844826611,264
2025-03-25,1.0.26,2024-08-20T18:55:01.43+00:00,1173,5,1,0,836,4.457458844826611,265
2025-03-26,1.0.26,2024-08-20T18:55:01.43+00:00,1173,5,1,0,836,4.457458844826611,268
2025-03-27,1.0.26,2024-08-20T18:55:01.43+00:00,1173,5,1,0,837,4.457458844826611,269
2025-03-28,1.0.26,2024-08-20T18:55:01.43+00:00,1179,5,1,0.0851063829787234,837,4.457458844826611,269
2025-03-29,1.0.26,2024-08-20T18:55:01.43+00:00,1179,5,1,0,837,4.457458844826611,270
2025-03-30,1.0.26,2024-08-20T18:55:01.43+00:00,1181,5,1,0,837,4.457458844826611,271
2025-03-31,1.0.26,2024-08-20T18:55:01.43+00:00,1181,5,1,0,837,4.457458844826611,271
2025-04-01,1.0.26,2024-08-20T18:55:01.43+00:00,1183,5,1,0,837,4.457458844826611,272
2025-04-02,1.0.26,2024-08-20T18:55:01.43+00:00,1184,5,1,0,837,4.457458844826611,274
2025-04-03,1.0.26,2024-08-20T18:55:01.43+00:00,1184,5,1,0,837,4.457458844826611,276
2025-04-04,1.0.26,2024-08-20T18:55:01.43+00:00,1184,5,1,0,837,4.457458844826611,278
2025-04-05,1.0.26,2024-08-20T18:55:01.43+00:00,1184,5,1,0,837,4.457458844826611,281
2025-04-06,1.0.26,2024-08-20T18:55:01.43+00:00,1184,5,1,0,837,4.457458844826611,282
2025-04-07,1.0.26,2024-08-20T18:55:01.43+00:00,1187,5,1,0,837,4.457458844826611,282
2025-04-08,1.0.26,2024-08-20T18:55:01.43+00:00,1188,5,1,0,837,4.457458844826611,283
2025-04-09,1.0.26,2024-08-20T18:55:01.43+00:00,1190,5,1,0,837,4.457458844826611,283
2025-04-10,1.0.26,2024-08-20T18:55:01.43+00:00,1190,5,1,0,837,4.457458844826611,283
2025-04-11,1.0.26,2024-08-20T18:55:01.43+00:00,1191,5,1,0,837,4.457458844826611,284
2025-04-12,1.0.26,2024-08-20T18:55:01.43+00:00,1192,5,1,0,837,4.457458844826611,285
2025-04-13,1.0.26,2024-08-20T18:55:01.43+00:00,1192,5,1,0,837,4.457458844826611,288
2025-04-14,1.0.26,2024-08-20T18:55:01.43+00:00,1193,5,1,0,837,4.457458844826611,289
2025-04-15,1.0.26,2024-08-20T18:55:01.43+00:00,1194,5,1,0,837,4.457458844826611,290
2025-04-16,1.0.26,2024-08-20T18:55:01.43+00:00,1197,5,1,0,838,4.457458844826611,292
2025-04-17,1.0.26,2024-08-20T18:55:01.43+00:00,1200,5,1,0,838,4.457458844826611,294
2025-04-18,1.0.26,2024-08-20T18:55:01.43+00:00,1200,5,1,0,838,4.457458844826611,296
2025-04-19,1.0.26,2024-08-20T18:55:01.43+00:00,1201,5,1,0,838,4.457458844826611,296
2025-04-20,1.0.26,2024-08-20T18:55:01.43+00:00,1201,5,1,0,838,4.457458844826611,297
2025-04-21,1.0.26,2024-08-20T18:55:01.43+00:00,1202,5,1,0,838,4.457458844826611,297
2025-04-22,1.0.26,2024-08-20T18:55:01.43+00:00,1204,5,1,0,838,4.457458844826611,299
2025-04-23,1.0.26,2024-08-20T18:55:01.43+00:00,1207,5,1,0,838,4.457458844826611,301
2025-04-24,1.0.26,2024-08-20T18:55:01.43+00:00,1207,5,1,0,838,4.457458844826611,302
2025-04-25,1.0.26,2024-08-20T18:55:01.43+00:00,1209,5,1,0,838,4.457458844826611,304
2025-04-26,1.0.26,2024-08-20T18:55:01.43+00:00,1210,5,1,0,838,4.457458844826611,305
2025-04-27,1.0.26,2024-08-20T18:55:01.43+00:00,1211,5,1,0,838,4.457458844826611,306
2025-04-28,1.0.26,2024-08-20T18:55:01.43+00:00,1211,5,1,0,838,4.457458844826611,308
2025-04-29,1.0.26,2024-08-20T18:55:01.43+00:00,1211,5,1,0,838,4.457458844826611,309
2025-04-30,1.0.26,2024-08-20T18:55:01.43+00:00,1215,5,1,0,838,4.457458844826611,310
2025-05-01,1.0.26,2024-08-20T18:55:01.43+00:00,1216,5,1,0,838,4.457458844826611,311
2025-05-02,1.0.26,2024-08-20T18:55:01.43+00:00,1217,5,1,0,838,4.457458844826611,312
2025-05-03,1.0.26,2024-08-20T18:55:01.43+00:00,1217,5,1,0,838,4.457458844826611,312
2025-05-04,1.0.26,2024-08-20T18:55:01.43+00:00,1217,5,1,0,838,4.457458844826611,313
2025-05-05,1.0.26,2024-08-20T18:55:01.43+00:00,1217,5,1,0,839,4.457458844826611,339
2025-05-06,1.0.26,2024-08-20T18:55:01.43+00:00,1218,5,1,0,839,4.457458844826611,340
2025-05-07,1.0.26,2024-08-20T18:55:01.43+00:00,1218,5,1,0,839,4.457458844826611,341
2025-05-08,1.0.26,2024-08-20T18:55:01.43+00:00,1220,5,1,0,839,4.457458844826611,341
2025-05-09,1.0.26,2024-08-20T18:55:01.43+00:00,1221,5,1,0,839,4.457458844826611,341
2025-05-10,1.0.26,2024-08-20T18:55:01.43+00:00,1222,5,1,0,839,4.457458844826611,341
2025-05-11,1.0.26,2024-08-20T18:55:01.43+00:00,1225,5,1,0,839,4.457458844826611,341
2025-05-12,1.0.26,2024-08-20T18:55:01.43+00:00,1225,5,1,0,839,4.457458844826611,342
2025-05-13,1.0.26,2024-08-20T18:55:01.43+00:00,1225,5,1,0,839,4.457458844826611,344
2025-05-14,1.0.26,2024-08-20T18:55:01.43+00:00,1227,5,1,0,839,4.457458844826611,346
2025-05-15,1.0.26,2024-08-20T18:55:01.43+00:00,1227,5,1,0,839,4.457458844826611,348
2025-05-16,1.0.26,2024-08-20T18:55:01.43+00:00,1228,5,1,0,839,4.457458844826611,350
2025-05-17,1.0.26,2024-08-20T18:55:01.43+00:00,1228,5,1,0,839,4.457458844826611,352
2025-05-18,1.0.26,2024-08-20T18:55:01.43+00:00,1231,5,1,0,839,4.457458844826611,353
2025-05-19,1.0.26,2024-08-20T18:55:01.43+00:00,1235,5,1,0.08103727714748785,839,4.457458844826611,354
2025-05-20,1.0.26,2024-08-20T18:55:01.43+00:00,1236,5,1,0,839,4.457458844826611,355
2025-05-21,1.0.26,2024-08-20T18:55:01.43+00:00,1238,5,1,0,840,4.457458844826611,356
2025-05-22,1.0.26,2024-08-20T18:55:01.43+00:00,1238,5,1,0,840,4.457458844826611,357
2025-05-23,1.0.26,2024-08-20T18:55:01.43+00:00,1239,5,1,0,841,4.457458844826611,357
2025-05-24,1.0.26,2024-08-20T18:55:01.43+00:00,1239,5,1,0,841,4.457458844826611,358
2025-05-25,1.0.26,2024-08-20T18:55:01.43+00:00,1239,5,1,0,841,4.457458844826611,359
2025-05-26,1.0.26,2024-08-20T18:55:01.43+00:00,1241,5,1,0,842,4.457458844826611,359
2025-05-27,1.0.26,2024-08-20T18:55:01.43+00:00,1241,5,1,0,842,4.457458844826611,360
2025-05-28,1.0.26,2024-08-20T18:55:01.43+00:00,1242,5,1,0,842,4.457458844826611,360
2025-05-29,1.0.26,2024-08-20T18:55:01.43+00:00,1242,5,1,0,842,4.457458844826611,360
2025-05-31,1.0.26,2024-08-20T18:55:01.43+00:00,1244,5,1,0,842,4.457458844826611,361
2025-06-01,1.0.26,2024-08-20T18:55:01.43+00:00,1244,5,1,0,842,4.457458844826611,361
2025-06-02,1.0.26,2024-08-20T18:55:01.43+00:00,1245,5,1,0,842,4.457458844826611,362
2025-06-03,1.0.26,2024-08-20T18:55:01.43+00:00,1247,5,1,0,842,4.457458844826611,363
2025-06-04,1.0.26,2024-08-20T18:55:01.43+00:00,1247,5,1,0,842,4.457458844826611,363
2025-06-05,1.0.26,2024-08-20T18:55:01.43+00:00,1247,5,1,0,842,4.457458844826611,364
2025-06-06,1.0.26,2024-08-20T18:55:01.43+00:00,1248,5,1,0,842,4.457458844826611,365
2025-06-07,1.0.26,2024-08-20T18:55:01.43+00:00,1248,5,1,0,842,4.457458844826611,366
2025-06-08,1.0.26,2024-08-20T18:55:01.43+00:00,1249,5,1,0,842,4.457458844826611,366
2025-06-09,1.0.26,2024-08-20T18:55:01.43+00:00,1249,5,1,0,842,4.457458844826611,367
2025-06-10,1.0.26,2024-08-20T18:55:01.43+00:00,1250,5,1,0,842,4.457458844826611,368
2025-06-11,1.0.26,2024-08-20T18:55:01.43+00:00,1250,5,1,0,842,4.457458844826611,369
2025-06-12,1.0.26,2024-08-20T18:55:01.43+00:00,1251,5,1,0,842,4.457458844826611,370
2025-06-13,1.0.26,2024-08-20T18:55:01.43+00:00,1251,5,1,0,842,4.457458844826611,370
2025-06-14,1.0.26,2024-08-20T18:55:01.43+00:00,1253,5,1,0,842,4.457458844826611,370
2025-06-15,1.0.26,2024-08-20T18:55:01.43+00:00,1253,5,1,0,842,4.457458844826611,370
2025-06-16,1.0.26,2024-08-20T18:55:01.43+00:00,1253,5,1,0,842,4.457458844826611,371
2025-06-17,1.0.26,2024-08-20T18:55:01.43+00:00,1255,5,1,0,842,4.457458844826611,372
2025-06-18,1.0.26,2024-08-20T18:55:01.43+00:00,1256,5,1,0,842,4.457458844826611,373
2025-06-19,1.0.26,2024-08-20T18:55:01.43+00:00,1256,5,1,0,842,4.457458844826611,374
2025-06-20,1.0.26,2024-08-20T18:55:01.43+00:00,1257,5,1,0,842,4.457458844826611,374
2025-06-21,1.0.26,2024-08-20T18:55:01.43+00:00,1257,5,1,0,842,4.457458844826611,374
2025-06-22,1.0.26,2024-08-20T18:55:01.43+00:00,1259,5,1,0,842,4.457458844826611,375
2025-06-23,1.0.26,2024-08-20T18:55:01.43+00:00,1260,5,1,0,842,4.457458844826611,376
2025-06-24,1.0.26,2024-08-20T18:55:01.43+00:00,1262,5,1,0,842,4.457458844826611,376
2025-06-25,1.0.26,2024-08-20T18:55:01.43+00:00,1262,5,1,0,842,4.457458844826611,377
2025-06-26,1.0.26,2024-08-20T18:55:01.43+00:00,1262,5,1,0,842,4.457458844826611,378
2025-06-27,1.0.26,2024-08-20T18:55:01.43+00:00,1262,5,1,0,842,4.457458844826611,379
2025-06-28,1.0.26,2024-08-20T18:55:01.43+00:00,1262,5,1,0,842,4.457458844826611,380
2025-06-29,1.0.26,2024-08-20T18:55:01.43+00:00,1263,5,1,0,843,4.457458844826611,382
2025-06-30,1.0.26,2024-08-20T18:55:01.43+00:00,1263,5,1,0,843,4.457458844826611,383
2025-07-01,1.0.26,2024-08-20T18:55:01.43+00:00,1264,5,1,0,843,4.457458844826611,383
2025-07-02,1.0.26,2024-08-20T18:55:01.43+00:00,1264,5,1,0,843,4.457458844826611,384
2025-07-03,1.0.26,2024-08-20T18:55:01.43+00:00,1268,5,1,0,843,4.457458844826611,384
2025-07-04,1.0.26,2024-08-20T18:55:01.43+00:00,1268,5,1,0,843,4.457458844826611,384
2025-07-05,1.0.26,2024-08-20T18:55:01.43+00:00,1268,5,1,0,843,4.457458844826611,384
2025-07-06,1.0.26,2024-08-20T18:55:01.43+00:00,1269,5,1,0,843,4.457458844826611,384
2025-07-07,1.0.26,2024-08-20T18:55:01.43+00:00,1271,5,1,0,843,4.457458844826611,384
2025-07-08,1.0.26,2024-08-20T18:55:01.43+00:00,1272,5,1,0,844,4.457458844826611,384
2025-07-09,1.0.26,2024-08-20T18:55:01.43+00:00,1272,5,1,0,844,4.457458844826611,384
2025-07-10,1.0.26,2024-08-20T18:55:01.43+00:00,1273,5,1,0,844,4.457458844826611,385
2025-07-11,1.0.26,2024-08-20T18:55:01.43+00:00,1273,5,1,0,844,4.457458844826611,386
2025-07-12,1.0.26,2024-08-20T18:55:01.43+00:00,1273,5,1,0,844,4.457458844826611,387
2025-07-13,1.0.26,2024-08-20T18:55:01.43+00:00,1274,5,1,0,844,4.457458844826611,388
2025-07-14,1.0.26,2024-08-20T18:55:01.43+00:00,1276,5,1,0,844,4.457458844826611,388
2025-07-15,1.0.26,2024-08-20T18:55:01.43+00:00,1278,5,1,0,844,4.457458844826611,390
2025-07-16,1.0.26,2024-08-20T18:55:01.43+00:00,1279,5,1,0,844,4.506890008909384,391
2025-07-17,1.0.26,2024-08-20T18:55:01.43+00:00,1279,5,1,0,844,4.5068142526774295,391
2025-07-18,1.0.26,2024-08-20T18:55:01.43+00:00,1281,5,1,0,844,4.506933852883458,393
2025-07-19,1.0.26,2024-08-20T18:55:01.43+00:00,1282,5,1,0,844,4.507024111780847,394
2025-07-20,1.0.26,2024-08-20T18:55:01.43+00:00,1282,5,1,0,844,4.507082722845825,394
2025-07-21,1.0.26,2024-08-20T18:55:01.43+00:00,1282,5,1,0,844,4.507118074792466,394
2025-07-22,1.0.26,2024-08-20T18:55:01.43+00:00,1283,5,1,0,844,4.506977250323258,395
2025-07-23,1.0.26,2024-08-20T18:55:01.43+00:00,1284,5,1,0,844,4.5070079196594115,396
2025-07-24,1.0.26,2024-08-20T18:55:01.43+00:00,1286,5,1,0,844,4.506856025698665,398
2025-07-25,1.0.26,2024-08-20T18:55:01.43+00:00,1287,5,1,0,844,4.506983610038388,400
2025-07-26,1.0.26,2024-08-20T18:55:01.43+00:00,1288,5,1,0,845,4.506716345929663,401
2025-07-27,1.0.26,2024-08-20T18:55:01.43+00:00,1288,5,1,0,845,4.506677581001906,401
2025-07-28,1.0.26,2024-08-20T18:55:01.43+00:00,1288,5,1,0,845,4.506449370510543,402
2025-07-30,1.0.26,2024-08-20T18:55:01.43+00:00,1291,5,1,0,845,4.506496968336526,403
2025-07-31,1.0.26,2024-08-20T18:55:01.43+00:00,1293,5,1,0,846,4.506597315179562,404
2025-08-01,1.0.26,2024-08-20T18:55:01.43+00:00,1295,5,1,0,846,4.506627838898314,405
2025-08-02,1.0.26,2024-08-20T18:55:01.43+00:00,1295,5,1,0,846,4.506614493621113,407
2025-08-03,1.0.26,2024-08-20T18:55:01.43+00:00,1296,5,1,0,846,4.5066231974570385,409
2025-08-04,1.0.26,2024-08-20T18:55:01.43+00:00,1296,5,1,0,846,4.506558428828571,409
2025-08-05,1.0.26,2024-08-20T18:55:01.43+00:00,1296,5,1,0,846,4.506373357355889,411
2025-08-06,1.0.26,2024-08-20T18:55:01.43+00:00,1296,5,1,0,846,4.506202596530413,413
2025-08-07,1.0.26,2024-08-20T18:55:01.43+00:00,1297,5,1,0,846,4.506163893788434,415
2025-08-08,1.0.26,2024-08-20T18:55:01.43+00:00,1298,5,1,0,846,4.505956060277832,415
2025-08-09,1.0.26,2024-08-20T18:55:01.43+00:00,1299,5,1,0,846,4.505853068455659,415
2025-08-10,1.0.26,2024-08-20T18:55:01.43+00:00,1299,5,1,0,846,4.505787951791932,415
2025-08-11,1.0.26,2024-08-20T18:55:01.43+00:00,1300,5,1,0,846,4.50580937826833,415
2025-08-12,1.0.26,2024-08-20T18:55:01.43+00:00,1300,5,1,0,846,4.505786680960249,416
2025-08-13,1.0.26,2024-08-20T18:55:01.43+00:00,1300,5,1,0,846,4.505734519333794,417
2025-08-14,1.0.26,2024-08-20T18:55:01.43+00:00,1300,5,1,0,846,4.505697302565006,417
2025-08-15,1.0.26,2024-08-20T18:55:01.43+00:00,1301,5,1,0,846,4.50552836250403,417
2025-08-16,1.0.26,2024-08-20T18:55:01.43+00:00,1301,5,1,0,846,4.50550139275766,418
2025-08-17,1.0.26,2024-08-20T18:55:01.43+00:00,1303,5,1,0,846,4.5054302422723485,418
2025-08-18,1.0.26,2024-08-20T18:55:01.43+00:00,1303,5,1,0,846,4.505399518833455,418
2025-08-19,1.0.26,2024-08-20T18:55:01.43+00:00,1303,5,1,0,846,4.505447108093442,419
2025-08-20,1.0.26,2024-08-20T18:55:01.43+00:00,1304,5,1,0,846,4.505292468543868,419
2025-08-21,1.0.26,2024-08-20T18:55:01.43+00:00,1304,5,1,0,846,4.505224112103122,420
2025-08-22,1.0.26,2024-08-20T18:55:01.43+00:00,1304,5,1,0,847,4.505045663268367,420
2025-08-23,1.0.26,2024-08-20T18:55:01.43+00:00,1306,5,1,0,847,4.5050378787878795,421
2025-08-24,1.0.26,2024-08-20T18:55:01.43+00:00,1306,5,1,0,847,4.5049509949641156,422
2025-08-25,1.0.26,2024-08-20T18:55:01.43+00:00,1307,5,1,0,847,4.5050437045342555,422
2025-08-26,1.0.26,2024-08-20T18:55:01.43+00:00,1307,5,1,0,847,4.504972162449199,423
2025-08-27,1.0.26,2024-08-20T18:55:01.43+00:00,1308,5,1,0,847,4.505014221881524,424
2025-08-28,1.0.26,2024-08-20T18:55:01.43+00:00,1309,5,1,0,847,4.505217437864772,425
2025-08-29,1.0.26,2024-08-20T18:55:01.43+00:00,1312,5,1,0,848,4.505162985654945,425
2025-08-30,1.0.26,2024-08-20T18:55:01.43+00:00,1312,5,1,0,848,4.505064698638318,426
2025-08-31,1.0.26,2024-08-20T18:55:01.43+00:00,1313,5,1,0,848,4.50511768247531,426
2025-09-01,1.0.26,2024-08-20T18:55:01.43+00:00,1315,5,1,0,848,4.5049876095953305,427
2025-09-02,1.0.26,2024-08-20T18:55:01.43+00:00,1315,5,1,0,848,4.504922670690306,428
2025-09-03,1.0.26,2024-08-20T18:55:01.43+00:00,1316,5,1,0,848,4.505083463315984,428
2025-09-04,1.0.26,2024-08-20T18:55:01.43+00:00,1317,5,1,0,848,4.505082543828735,429
2025-09-05,1.0.26,2024-08-20T18:55:01.43+00:00,1318,5,1,0,848,4.505061598851102,431
2025-09-06,1.0.26,2024-08-20T18:55:01.43+00:00,1320,5,1,0.07575757575757576,848,4.50515087277021,433
2025-09-07,1.0.26,2024-08-20T18:55:01.43+00:00,1320,5,1,0,848,4.5051488940028825,434
2025-09-08,1.0.26,2024-08-20T18:55:01.43+00:00,1320,5,1,0,849,4.505089335515926,435
2025-09-09,1.0.26,2024-08-20T18:55:01.43+00:00,1321,5,1,0,849,4.505177333876885,436
2025-09-10,1.0.26,2024-08-20T18:55:01.43+00:00,1322,5,1,0,849,4.5051922528390485,436
2025-09-11,1.0.26,2024-08-20T18:55:01.43+00:00,1323,5,1,0,849,4.505127997859445,437
2025-09-12,1.0.26,2024-08-20T18:55:01.43+00:00,1323,5,1,0,849,4.50480846595566,439
2025-09-13,1.0.26,2024-08-20T18:55:01.43+00:00,1327,5,1,0,849,4.504753512642761,440
2025-09-14,1.0.26,2024-08-20T18:55:01.43+00:00,1328,5,1,0,849,4.503857207684161,441
2025-09-15,1.0.26,2024-08-20T18:55:01.43+00:00,1329,5,1,0,849,4.504661042392218,442
2025-09-16,1.0.26,2024-08-20T18:55:01.43+00:00,1332,5,1,0,849,4.504608467778233,443
2025-09-17,1.0.26,2024-08-20T18:55:01.43+00:00,1335,5,1,0,849,4.50459859820705,445
2025-09-18,1.0.26,2024-08-20T18:55:01.43+00:00,1336,5,1,0,849,4.504572280506489,447
2025-09-19,1.0.26,2024-08-20T18:55:01.43+00:00,1336,5,1,0,849,4.504527285464361,449
2025-09-20,1.0.26,2024-08-20T18:55:01.43+00:00,1338,5,1,0,849,4.504538525974649,450
2025-09-21,1.0.26,2024-08-20T18:55:01.43+00:00,1338,5,1,0,849,4.5046592445739915,450
2025-09-22,1.0.26,2024-08-20T18:55:01.43+00:00,1338,5,1,0,849,4.50467784157976,451
2025-09-23,1.0.26,2024-08-20T18:55:01.43+00:00,1340,5,1,0,849,4.504754800486738,453
2025-09-24,1.0.26,2024-08-20T18:55:01.43+00:00,1340,5,1,0,850,4.504736374546077,455
2025-09-25,1.0.26,2024-08-20T18:55:01.43+00:00,1342,5,1,0,850,4.504487972358701,455
2025-09-26,1.0.26,2024-08-20T18:55:01.43+00:00,1344,5,1,0,850,4.50421885743326,455
2025-09-27,1.0.26,2024-08-20T18:55:01.43+00:00,1346,5,1,0,850,4.504082430484139,456
2025-09-28,1.0.26,2024-08-20T18:55:01.43+00:00,1346,5,1,0,850,4.504095458217115,458
2025-09-29,1.0.26,2024-08-20T18:55:01.43+00:00,1346,5,1,0,850,4.5040502140680765,459
2025-09-30,1.0.26,2024-08-20T18:55:01.43+00:00,1346,5,1,0,850,4.503942252852745,460
2025-10-01,1.0.26,2024-08-20T18:55:01.43+00:00,1347,5,1,0,850,4.503485744656382,460
2025-10-02,1.0.26,2024-08-20T18:55:01.43+00:00,1350,5,1,0,850,4.503283812080204,462
2025-10-03,1.0.26,2024-08-20T18:55:01.43+00:00,1350,5,1,0,850,4.503087268827434,463
2025-10-04,1.0.26,2024-08-20T18:55:01.43+00:00,1350,5,1,0,850,4.502843430688195,464
2025-10-05,1.0.26,2024-08-20T18:55:01.43+00:00,1350,5,1,0,850,4.502744056612261,466
2025-10-06,1.0.26,2024-08-20T18:55:01.43+00:00,1350,5,1,0,850,4.502731484554257,466
2025-10-07,1.0.26,2024-08-20T18:55:01.43+00:00,1351,5,1,0,850,4.5024929916581975,467
2025-10-08,1.0.26,2024-08-20T18:55:01.43+00:00,1354,5,1,0,852,4.502355024517172,467
2025-10-09,1.0.26,2024-08-20T18:55:01.43+00:00,1356,5,1,0,852,4.502324123171713,469
2025-10-10,1.0.26,2024-08-20T18:55:01.43+00:00,1356,5,1,0,852,4.502013816814504,471
2025-10-11,1.0.26,2024-08-20T18:55:01.43+00:00,1356,5,1,0,852,4.501903946045783,472
2025-10-12,1.0.26,2024-08-20T18:55:01.43+00:00,1356,5,1,0,852,4.501811375624545,473
2025-10-13,1.0.26,2024-08-20T18:55:01.43+00:00,1356,5,1,0,852,4.5018409673846005,473
2025-10-14,1.0.26,2024-08-20T18:55:01.43+00:00,1358,5,1,0,852,4.501612091365448,474
2025-10-15,1.0.26,2024-08-20T18:55:01.43+00:00,1361,5,1,0,852,4.501423409681163,474
2025-10-16,1.0.26,2024-08-20T18:55:01.43+00:00,1361,5,1,0,853,4.501758470439654,476
2025-10-17,1.0.26,2024-08-20T18:55:01.43+00:00,1361,5,1,0,853,4.501786436668736,476
2025-10-18,1.0.26,2024-08-20T18:55:01.43+00:00,1363,5,1,0,853,4.50175804703972,476
2025-10-19,1.0.26,2024-08-20T18:55:01.43+00:00,1365,5,1,0,853,4.501743029117968,476
2025-10-20,1.0.26,2024-08-20T18:55:01.43+00:00,1365,5,1,0,853,4.501692597615923,478
2025-10-21,1.0.26,2024-08-20T18:55:01.43+00:00,1365,5,1,0,853,4.501594409390053,478
2025-10-22,1.0.26,2024-08-20T18:55:01.43+00:00,1366,5,1,0,853,4.501526938299115,478
2025-10-23,1.0.26,2024-08-20T18:55:01.43+00:00,1368,5,1,0,853,4.5015096151298,478
2025-10-24,1.0.26,2024-08-20T18:55:01.43+00:00,1369,5,1,0,853,4.501638370709788,479
2025-10-25,1.0.26,2024-08-20T18:55:01.43+00:00,1372,5,1,0,853,4.501697687278245,480
2025-10-26,1.0.26,2024-08-20T18:55:01.43+00:00,1374,5,1,0.07283321194464676,854,4.5016336650728075,482
2025-10-27,1.0.26,2024-08-20T18:55:01.43+00:00,1374,5,1,0,854,4.501583018617087,483
2025-10-28,1.0.26,2024-08-20T18:55:01.43+00:00,1377,5,1,0,854,4.50166417558237,485
2025-10-29,1.0.26,2024-08-20T18:55:01.43+00:00,1377,5,1,0,854,4.501779600232769,486
2025-10-30,1.0.26,2024-08-20T18:55:01.43+00:00,1377,5,1,0,854,4.501845506255291,486
2025-10-31,1.0.26,2024-08-20T18:55:01.43+00:00,1381,5,1,0,854,4.501806456291378,486
2025-11-01,1.0.26,2024-08-20T18:55:01.43+00:00,1383,5,1,0,854,4.502015014313974,486
2025-11-02,1.0.26,2024-08-20T18:55:01.43+00:00,1383,5,1,0,854,4.502103381992594,486
2025-11-03,1.0.26,2024-08-20T18:55:01.43+00:00,1384,5,1,0,854,4.502157632074772,486
2025-11-04,1.0.26,2024-08-20T18:55:01.43+00:00,1385,5,1,0,854,4.502318956030972,486
2025-11-05,1.0.26,2024-08-20T18:55:01.43+00:00,1386,5,1,0,854,4.5024383899325695,486
2025-11-06,1.0.26,2024-08-20T18:55:01.43+00:00,1386,5,1,0,854,4.502448507744154,486
2025-11-07,1.0.26,2024-08-20T18:55:01.43+00:00,1387,5,1,0,854,4.5024782911989085,486
2025-11-08,1.0.26,2024-08-20T18:55:01.43+00:00,1387,5,1,0,854,4.50241530796019,486
2025-11-09,1.0.26,2024-08-20T18:55:01.43+00:00,1387,5,1,0,854,4.502377318889101,486
2025-11-10,1.0.26,2024-08-20T18:55:01.43+00:00,1388,5,1,0,854,4.50243747090958,486
2025-11-11,1.0.26,2024-08-20T18:55:01.43+00:00,1391,5,1,0,854,4.502442028603998,486
2025-11-12,1.0.26,2024-08-20T18:55:01.43+00:00,1392,5,1,0,854,4.502495660054203,486
2025-11-13,1.0.26,2024-08-20T18:55:01.43+00:00,1394,5,1,0,854,4.502460598312295,486
2025-11-14,1.0.26,2024-08-20T18:55:01.43+00:00,1395,5,1,0,854,4.502484641813522,486
2025-11-15,1.0.26,2024-08-20T18:55:01.43+00:00,1395,5,1,0,854,4.502566440806836,486
2025-11-16,1.0.26,2024-08-20T18:55:01.43+00:00,1396,5,1,0,854,4.502458530063603,486
2025-11-17,1.0.26,2024-08-20T18:55:01.43+00:00,1399,5,1,0,854,4.502432277727447,486
2025-11-18,1.0.26,2024-08-20T18:55:01.43+00:00,1399,5,1,0,855,4.502486499027686,486
2025-11-19,1.0.26,2024-08-20T18:55:01.43+00:00,1399,5,1,0,855,4.502377246788123,486
2025-11-20,1.0.26,2024-08-20T18:55:01.43+00:00,1400,5,1,0,855,4.502188904669175,486
2025-11-21,1.0.26,2024-08-20T18:55:01.43+00:00,1400,5,1,0,855,4.502095969420921,486
2025-11-22,1.0.26,2024-08-20T18:55:01.43+00:00,1400,5,1,0,855,4.501957839403529,486
2025-11-23,1.0.26,2024-08-20T18:55:01.43+00:00,1400,5,1,0,855,4.501879848149706,486
2025-11-24,1.0.26,2024-08-20T18:55:01.43+00:00,1401,5,1,0,855,4.501960870312095,486
2025-11-25,1.0.26,2024-08-20T18:55:01.43+00:00,1402,5,1,0,855,4.501936891791013,486
2025-11-26,1.0.26,2024-08-20T18:55:01.43+00:00,1404,5,1,0,855,4.5020783235687905,486
2025-11-27,1.0.26,2024-08-20T18:55:01.43+00:00,1408,5,1,0,855,4.5020352327826,486
2025-11-28,1.0.26,2024-08-20T18:55:01.43+00:00,1408,5,1,0,855,4.502289055973266,486
2025-11-29,1.0.26,2024-08-20T18:55:01.43+00:00,1410,5,1,0,855,4.502360442948218,486
2025-11-30,1.0.26,2024-08-20T18:55:01.43+00:00,1410,5,1,0,855,4.502282744636156,486
2025-12-01,1.0.26,2024-08-20T18:55:01.43+00:00,1411,5,1,0,855,4.502300343534154,486
2025-12-02,1.0.26,2024-08-20T18:55:01.43+00:00,1412,5,1,0,855,4.502281221181381,486
2025-12-03,1.0.26,2024-08-20T18:55:01.43+00:00,1414,5,1,0,855,4.502312049702095,486
2025-12-04,1.0.26,2024-08-20T18:55:01.43+00:00,1414,5,1,0,855,4.502214722632356,486
2025-12-05,1.0.26,2024-08-20T18:55:01.43+00:00,1415,5,1,0,855,4.502443864413227,486
2025-12-06,1.0.26,2024-08-20T18:55:01.43+00:00,1416,5,1,0,855,4.502722399949153,486
2025-12-07,1.0.26,2024-08-20T18:55:01.43+00:00,1416,5,1,0,855,4.502778510592467,486
2025-12-08,1.0.26,2024-08-20T18:55:01.43+00:00,1416,5,1,0,855,4.502743283024186,487
2025-12-09,1.0.26,2024-08-20T18:55:01.43+00:00,1416,5,1,0,855,4.502871039286601,487
2025-12-10,1.0.26,2024-08-20T18:55:01.43+00:00,1417,5,1,0,855,4.502558079398337,487
2025-12-11,1.0.26,2024-08-20T18:55:01.43+00:00,1419,5,1,0,855,4.501710111240245,487
2025-12-12,1.0.26,2024-08-20T18:55:01.43+00:00,1421,5,1,0,855,4.5014668595929965,487
2025-12-13,1.0.26,2024-08-20T18:55:01.43+00:00,1422,5,1,0,855,4.501109529897008,487
2025-12-14,1.0.26,2024-08-20T18:55:01.43+00:00,1423,5,1,0,855,4.501059689832763,487
2025-12-15,1.0.26,2024-08-20T18:55:01.43+00:00,1423,5,1,0,856,4.501074180203144,487
2025-12-16,1.0.26,2024-08-20T18:55:01.43+00:00,1424,5,1,0,856,4.500985752517991,487
2025-12-17,1.0.26,2024-08-20T18:55:01.43+00:00,1426,5,1,0,856,4.501053806435534,487
2025-12-18,1.0.26,2024-08-20T18:55:01.43+00:00,1426,5,1,0,856,4.500889377772536,487
2025-12-19,1.0.26,2024-08-20T18:55:01.43+00:00,1427,5,1,0,856,4.50091378763924,487
2025-12-20,1.0.26,2024-08-20T18:55:01.43+00:00,1428,5,1,0,856,4.500984973222074,487
2025-12-21,1.0.26,2024-08-20T18:55:01.43+00:00,1428,5,1,0,856,4.500945943022257,487
2025-12-22,1.0.26,2024-08-20T18:55:01.43+00:00,1430,5,1,0,856,4.500935209480314,487
2025-12-23,1.0.26,2024-08-20T18:55:01.43+00:00,1432,5,1,0,856,4.5009294210562665,487
2025-12-24,1.0.26,2024-08-20T18:55:01.43+00:00,1433,5,1,0,856,4.501067721200194,487
2025-12-25,1.0.26,2024-08-20T18:55:01.43+00:00,1433,5,1,0,856,4.501151682392523,488
2025-12-26,1.0.26,2024-08-20T18:55:01.43+00:00,1433,5,1,0,856,4.501223004361059,490
2025-12-27,1.0.26,2024-08-20T18:55:01.43+00:00,1433,5,1,0,856,4.501163655557955,490
2025-12-28,1.0.26,2024-08-20T18:55:01.43+00:00,1433,5,1,0,856,4.501045173314081,490
2025-12-29,1.0.26,2024-08-20T18:55:01.43+00:00,1433,5,1,0,856,4.5010870822735765,490
2025-12-30,1.0.26,2024-08-20T18:55:01.43+00:00,1433,5,1,0,856,4.500927692705986,490
2025-12-31,1.0.26,2024-08-20T18:55:01.43+00:00,1434,5,1,0,856,4.500891970349922,490
2026-01-01,1.0.26,2024-08-20T18:55:01.43+00:00,1434,5,1,0,856,4.500970405186832,491
2026-01-02,1.0.26,2024-08-20T18:55:01.43+00:00,1434,5,1,0,856,4.498413427301966,491
2026-01-03,1.0.27,2026-01-02T18:37:43.673+00:00,1434,5,1,0,864,4.500954408084425,496
2026-01-04,1.0.27,2026-01-02T18:37:43.673+00:00,1434,5,1,0,873,4.50103284711051,497
2026-01-05,1.0.27,2026-01-02T18:37:43.673+00:00,1434,5,1,0,885,4.501075024445965,499
2026-01-06,1.0.27,2026-01-02T18:37:43.673+00:00,1436,5,1,0,898,4.5011922631120544,500
2026-01-07,1.0.27,2026-01-02T18:37:43.673+00:00,1437,5,1,0,909,4.501266028494305,500
2026-01-08,1.0.27,2026-01-02T18:37:43.673+00:00,1439,5,1,0,916,4.501343194372376,500
2026-01-09,1.0.27,2026-01-02T18:37:43.673+00:00,1440,5,1,0,921,4.502528180383035,501
2026-01-10,1.0.27,2026-01-02T18:37:43.673+00:00,1441,5,1,0,924,4.502487562189055,503
2026-01-11,1.0.27,2026-01-02T18:37:43.673+00:00,1442,5,1,0,928,4.502411820418731,504
2026-01-12,1.0.27,2026-01-02T18:37:43.673+00:00,1442,5,1,0,934,4.502432728224406,505
2026-01-13,1.0.27,2026-01-02T18:37:43.673+00:00,1443,5,1,0,937,4.50362666872857,506
2026-01-14,1.0.28,2026-01-13T20:11:18.703+00:00,1443,5,1,0,948,4.503650155755832,513
2026-01-15,1.0.28,2026-01-13T20:11:18.703+00:00,1444,5,1,0,960,4.503599033285338,517
2026-01-16,1.0.28,2026-01-13T20:11:18.703+00:00,1444,5,1,0,973,4.503621749611055,518
2026-01-17,1.0.28,2026-01-13T20:11:18.703+00:00,1444,5,1,0,977,4.503540624855269,518
2026-01-18,1.0.28,2026-01-13T20:11:18.703+00:00,1444,5,1,0,979,4.503616869463839,519
2026-01-19,1.0.28,2026-01-13T20:11:18.703+00:00,1445,5,1,0,987,4.50366288954363,519
2026-01-20,1.0.28,2026-01-13T20:11:18.703+00:00,1447,5,1,0,996,4.50383941203164,520
2026-01-21,1.0.28,2026-01-13T20:11:18.703+00:00,1448,5,1,0,1008,4.503802851812713,525
2026-01-22,1.0.28,2026-01-13T20:11:18.703+00:00,1449,5,1,0,1013,4.503885976579818,525
2026-01-23,1.0.28,2026-01-13T20:11:18.703+00:00,1450,5,1,0,1017,4.503881801297982,526
2026-01-24,1.0.28,2026-01-13T20:11:18.703+00:00,1452,5,1,0,1020,4.503826965717209,528
2026-01-25,1.0.28,2026-01-13T20:11:18.703+00:00,1452,5,1,0,1025,4.503855592162713,528
2026-01-26,1.0.28,2026-01-13T20:11:18.703+00:00,1453,5,1,0,1026,4.503948246722814,528
2026-01-27,1.0.28,2026-01-13T20:11:18.703+00:00,1455,5,1,0,1029,4.504091367466014,529
2026-01-28,1.0.28,2026-01-13T20:11:18.703+00:00,1455,5,1,0,1031,4.5042665823301125,530
2026-01-29,1.0.28,2026-01-13T20:11:18.703+00:00,1456,5,1,0,1035,4.504304117878885,532
2026-01-30,1.0.28,2026-01-13T20:11:18.703+00:00,1456,5,1,0,1039,4.504311566811568,535
2026-01-31,1.0.28,2026-01-13T20:11:18.703+00:00,1456,5,1,0,1043,4.504388220077487,536
2026-02-01,1.0.28,2026-01-13T20:11:18.703+00:00,1456,5,1,0,1049,4.504332362847856,537
2026-02-02,1.0.28,2026-01-13T20:11:18.703+00:00,1456,5,1,0,1049,4.504442237927432,538
2026-02-03,1.0.28,2026-01-13T20:11:18.703+00:00,1456,5,1,0,1055,4.504475288623686,540
2026-02-04,1.0.28,2026-01-13T20:11:18.703+00:00,1457,5,1,0,1058,4.5044290767162405,540
2026-02-05,1.0.28,2026-01-13T20:11:18.703+00:00,1457,5,1,0,1062,4.5044375647427195,541
2026-02-06,1.0.28,2026-01-13T20:11:18.703+00:00,1459,5,1,0,1062,4.504391397796262,541
2026-02-07,1.0.28,2026-01-13T20:11:18.703+00:00,1459,5,1,0,1064,4.504352735538422,541
2026-02-08,1.0.28,2026-01-13T20:11:18.703+00:00,1459,5,1,0,1066,4.504294882924345,542
2026-02-09,1.0.28,2026-01-13T20:11:18.703+00:00,1459,5,1,0,1067,4.504211924706624,543
2026-02-10,1.0.28,2026-01-13T20:11:18.703+00:00,1459,5,1,0,1072,4.504316097556387,545
2026-02-11,1.0.28,2026-01-13T20:11:18.703+00:00,1460,5,1,0,1073,4.504255642994952,546
2026-02-12,1.0.28,2026-01-13T20:11:18.703+00:00,1463,5,1,0,1076,4.504308458488829,546
2026-02-13,1.0.28,2026-01-13T20:11:18.703+00:00,1463,5,1,0,1077,4.50424113237794,547
2026-02-14,1.0.28,2026-01-13T20:11:18.703+00:00,1463,5,1,0,1079,4.504240553769542,547
2026-02-15,1.0.28,2026-01-13T20:11:18.703+00:00,1463,5,1,0,1079,4.504289604018496,548
2026-02-16,1.0.28,2026-01-13T20:11:18.703+00:00,1465,5,1,0,1080,4.504301823391172,550
2026-02-17,1.0.28,2026-01-13T20:11:18.703+00:00,1466,5,1,0,1080,4.504344934877286,550
2026-02-18,1.0.28,2026-01-13T20:11:18.703+00:00,1467,5,1,0,1086,4.505085923846458,552
2026-02-19,1.0.28,2026-01-13T20:11:18.703+00:00,1468,5,1,0,1089,4.50499912563714,556
2026-02-20,1.0.28,2026-01-13T20:11:18.703+00:00,1469,5,1,0,1091,4.504902866629708,557
2026-02-21,1.0.28,2026-01-13T20:11:18.703+00:00,1469,5,1,0,1092,4.504863217606115,558
2026-02-22,1.0.28,2026-01-13T20:11:18.703+00:00,1469,5,1,0,1093,4.504961582546956,559
2026-02-23,1.0.28,2026-01-13T20:11:18.703+00:00,1470,5,1,0,1094,4.504838782470777,561
2026-02-24,1.0.28,2026-01-13T20:11:18.703+00:00,1470,5,1,0,1096,4.504902874001587,562
2026-02-25,1.0.28,2026-01-13T20:11:18.703+00:00,1472,5,1,0,1096,4.505027412938672,564
2026-02-26,1.0.28,2026-01-13T20:11:18.703+00:00,1473,5,1,0.0678886625933469,1098,4.505022679292798,565
2026-02-27,1.0.28,2026-01-13T20:11:18.703+00:00,1473,5,1,0,1102,4.5050855308445,565
2026-02-28,1.0.28,2026-01-13T20:11:18.703+00:00,1473,5,1,0,1103,4.505145963005173,566
2026-03-01,1.0.28,2026-01-13T20:11:18.703+00:00,1475,5,1,0,1105,4.5053052450810025,567
2026-03-02,1.0.28,2026-01-13T20:11:18.703+00:00,1476,5,1,0,1106,4.5053159096601885,568
2026-03-03,1.0.28,2026-01-13T20:11:18.703+00:00,1476,5,1,0,1107,4.505382356563393,569
2026-03-04,1.0.28,2026-01-13T20:11:18.703+00:00,1476,5,1,0,1107,4.505120250336313,570
2026-03-05,1.0.28,2026-01-13T20:11:18.703+00:00,1476,5,1,0,1108,4.5050757721529315,570
2026-03-06,1.0.28,2026-01-13T20:11:18.703+00:00,1477,5,1,0,1108,4.505130273039612,571
2026-03-07,1.0.28,2026-01-13T20:11:18.703+00:00,1478,5,1,0,1108,4.505084603635012,573
2026-03-08,1.0.28,2026-01-13T20:11:18.703+00:00,1479,5,1,0,1110,4.505044554605295,573
2026-03-09,1.0.28,2026-01-13T20:11:18.703+00:00,1479,5,1,0,1111,4.5051144399948555,573
2026-03-10,1.0.28,2026-01-13T20:11:18.703+00:00,1481,5,1,0,1112,4.505206334586948,574
2026-03-11,1.0.28,2026-01-13T20:11:18.703+00:00,1482,5,1,0,1112,4.50525134989044,576
2026-03-12,1.0.28,2026-01-13T20:11:18.703+00:00,1483,5,1,0,1112,4.505258663506531,603
2026-03-13,1.0.28,2026-01-13T20:11:18.703+00:00,1483,5,1,0,1112,4.505162049630693,604
2026-03-14,1.0.28,2026-01-13T20:11:18.703+00:00,1485,5,1,0,1114,4.504924065918825,606
2026-03-15,1.0.28,2026-01-13T20:11:18.703+00:00,1485,5,1,0,1115,4.504839934404053,607
2026-03-16,1.0.28,2026-01-13T20:11:18.703+00:00,1485,5,1,0,1115,4.5048623635087885,609
2026-03-17,1.0.28,2026-01-13T20:11:18.703+00:00,1485,5,1,0,1116,4.504894659054685,609
2026-03-18,1.0.28,2026-01-13T20:11:18.703+00:00,1487,5,1,0.06724949562878278,1117,4.504945849379249,612
2026-03-19,1.0.28,2026-01-13T20:11:18.703+00:00,1488,5,1,0,1121,4.50484490289351,613
2026-03-20,1.0.28,2026-01-13T20:11:18.703+00:00,1488,5,1,0,1123,4.504941271230917,613
2026-03-21,1.0.28,2026-01-13T20:11:18.703+00:00,1488,5,1,0,1124,4.504850605964192,614
2026-03-22,1.0.28,2026-01-13T20:11:18.703+00:00,1488,5,1,0,1124,4.504774705166582,614
2026-03-23,1.0.28,2026-01-13T20:11:18.703+00:00,1489,5,1,0,1124,4.504817533776498,615
2026-03-24,1.0.28,2026-01-13T20:11:18.703+00:00,1489,5,1,0,1126,4.5048955138324835,616
2026-03-27,1.0.28,2026-01-13T20:11:18.703+00:00,1492,5,1,0,1128,4.504927652589389,620
2026-03-28,1.0.28,2026-01-13T20:11:18.703+00:00,1492,5,1,0,1128,4.5048750726589954,621
2026-03-29,1.0.28,2026-01-13T20:11:18.703+00:00,1492,5,1,0,1129,4.504819277108433,621
2026-03-30,1.0.28,2026-01-13T20:11:18.703+00:00,1492,5,1,0,1130,4.505005372673402,621
2026-03-31,1.0.28,2026-01-13T20:11:18.703+00:00,1492,5,1,0,1131,4.504957965575315,623
2026-04-01,1.0.28,2026-01-13T20:11:18.703+00:00,1494,5,1,0,1132,4.504928209668524,624
2026-04-02,1.0.28,2026-01-13T20:11:18.703+00:00,1495,5,1,0,1133,4.504805401934588,625
2026-04-03,1.0.28,2026-01-13T20:11:18.703+00:00,1497,5,1,0,1133,4.504530589313019,627
2026-04-04,1.0.28,2026-01-13T20:11:18.703+00:00,1497,5,1,0,1134,4.5045079481866175,628
2026-04-05,1.0.28,2026-01-13T20:11:18.703+00:00,1498,5,1,0,1134,4.504374082448223,630
2026-04-06,1.0.28,2026-01-13T20:11:18.703+00:00,1498,5,1,0,1135,4.50443195603426,634
2026-04-07,1.0.28,2026-01-13T20:11:18.703+00:00,1498,5,1,0,1135,4.504433903660912,635
2026-04-08,1.0.28,2026-01-13T20:11:18.703+00:00,1498,5,1,0,1137,4.504505202371178,636
2026-04-09,1.0.28,2026-01-13T20:11:18.703+00:00,1498,5,1,0,1138,4.504476838176048,640
2026-04-10,1.0.28,2026-01-13T20:11:18.703+00:00,1498,5,1,0,1140,4.504364120151303,641
2026-04-11,1.0.28,2026-01-13T20:11:18.703+00:00,1498,5,1,0,1140,4.504317667571398,642
2026-04-12,1.0.28,2026-01-13T20:11:18.703+00:00,1498,5,1,0,1140,4.504338442010141,645
2026-04-13,1.0.28,2026-01-13T20:11:18.703+00:00,1498,5,1,0,1141,4.504383144491737,648
2026-04-16,1.0.28,2026-01-13T20:11:18.703+00:00,1498,5,1,0,1144,4.504364043438041,652
2026-04-17,1.0.28,2026-01-13T20:11:18.703+00:00,1499,5,1,0,1144,4.504373810967474,655
2026-04-18,1.0.28,2026-01-13T20:11:18.703+00:00,1501,5,1,0,1144,4.504343554918412,657
2026-04-19,1.0.28,2026-01-13T20:11:18.703+00:00,1501,5,1,0,1146,4.50424693055221,658
2026-04-21,1.0.28,2026-01-13T20:11:18.703+00:00,1503,5,1,0,1147,4.5041296381767175,661
2026-04-22,1.0.28,2026-01-13T20:11:18.703+00:00,1504,5,1,0,1147,4.504112012345447,663
2026-04-23,1.0.28,2026-01-13T20:11:18.703+00:00,1505,5,1,0,1147,4.503153092028727,665
2026-04-24,1.0.28,2026-01-13T20:11:18.703+00:00,1505,5,1,0,1149,4.504099600551742,668
2026-04-25,1.0.28,2026-01-13T20:11:18.703+00:00,1505,5,1,0,1149,4.5040416440802264,671
2026-04-26,1.0.28,2026-01-13T20:11:18.703+00:00,1505,5,1,0,1149,4.50407582398816,672
2026-04-27,1.0.28,2026-01-13T20:11:18.703+00:00,1505,5,1,0,1149,4.503958915826727,673
2026-04-29,1.0.28,2026-01-13T20:11:18.703+00:00,1509,5,1,0,1151,4.50389499932345,676
2026-04-30,1.0.28,2026-01-13T20:11:18.703+00:00,1510,5,1,0,1151,4.503974712725954,679
2026-05-01,1.0.28,2026-01-13T20:11:18.703+00:00,1510,5,1,0,1151,4.503871540711936,681
2026-05-02,1.0.28,2026-01-13T20:11:18.703+00:00,1510,5,1,0,1151,4.503854638989774,684
2026-05-03,1.0.28,2026-01-13T20:11:18.703+00:00,1511,5,1,0,1152,4.503891354141311,686
2026-05-06,1.0.28,2026-01-13T20:11:18.703+00:00,1513,5,1,0,1156,4.504083809031638,691
2026-05-07,1.0.28,2026-01-13T20:11:18.703+00:00,1513,5,1,0,1156,4.504025137427831,691
2026-05-08,1.0.28,2026-01-13T20:11:18.703+00:00,1513,5,1,0,1156,4.504069471016868,692
2026-05-09,1.0.28,2026-01-13T20:11:18.703+00:00,1513,5,1,0,1156,4.503942976749448,692
2026-05-10,1.0.28,2026-01-13T20:11:18.703+00:00,1514,5,1,0,1156,4.503901387669048,692
2026-05-11,1.0.28,2026-01-13T20:11:18.703+00:00,1515,5,1,0,1157,4.50396054663403,720
2026-05-14,1.0.28,2026-01-13T20:11:18.703+00:00,1517,5,1,0,1159,4.503986973383855,721
2026-05-15,1.0.28,2026-01-13T20:11:18.703+00:00,1517,5,1,0,1159,4.504005499448587,723
2026-05-16,1.0.28,2026-01-13T20:11:18.703+00:00,1517,5,1,0,1159,4.503929660986353,723
2026-05-17,1.0.28,2026-01-13T20:11:18.703+00:00,1518,5,1,0,1159,4.50379692580133,723
2026-05-18,1.0.28,2026-01-13T20:11:18.703+00:00,1519,5,1,0,1160,4.5037657738821775,748
2026-05-19,1.0.28,2026-01-13T20:11:18.703+00:00,1519,5,1,0,1160,4.5036424611732855,750
2026-05-20,1.0.28,2026-01-13T20:11:18.703+00:00,1519,5,1,0,1161,4.5036046416628395,752
2026-05-21,1.0.28,2026-01-13T20:11:18.703+00:00,1519,5,1,0,1161,4.503653120242159,754
2026-05-22,1.0.28,2026-01-13T20:11:18.703+00:00,1519,5,1,0,1161,4.503706038281658,759
2026-05-23,1.0.28,2026-01-13T20:11:18.703+00:00,1519,5,1,0,1161,4.503717060232235,761
2026-05-24,1.0.28,2026-01-13T20:11:18.703+00:00,1519,5,1,0,1161,4.5037974370392355,763
2026-05-25,1.0.28,2026-01-13T20:11:18.703+00:00,1519,5,1,0,1161,4.503837389563335,765
2026-05-26,1.0.28,2026-01-13T20:11:18.703+00:00,1519,5,1,0,1163,4.503854365659063,767
2026-05-27,1.0.28,2026-01-13T20:11:18.703+00:00,1519,5,1,0,1163,4.503873400590205,769
2026-05-28,1.0.28,2026-01-13T20:11:18.703+00:00,1520,5,1,0,1163,4.503863306586284,771
2026-05-29,1.0.28,2026-01-13T20:11:18.703+00:00,1520,5,1,0,1163,4.50382977099922,775
2026-05-30,1.0.28,2026-01-13T20:11:18.703+00:00,1520,5,1,0,1163,4.503845711673971,777
2026-05-31,1.0.28,2026-01-13T20:11:18.703+00:00,1520,5,1,0,1163,4.503839176191725,779
2026-06-01,1.0.28,2026-01-13T20:11:18.703+00:00,1520,5,1,0,1164,4.503862242482144,782
2026-06-02,1.0.28,2026-01-13T20:11:18.703+00:00,1520,5,1,0,1164,4.503781509546583,782
2026-06-03,1.0.28,2026-01-13T20:11:18.703+00:00,1521,5,1,0,1165,4.503716655709269,782
2026-06-04,1.0.28,2026-01-13T20:11:18.703+00:00,1521,5,1,0,1167,4.5037132858958895,782
2026-06-05,1.0.28,2026-01-13T20:11:18.703+00:00,1523,5,1,0,1167,4.503605249874365,782
2026-06-06,1.0.28,2026-01-13T20:11:18.703+00:00,1523,5,1,0,1167,4.503430320908198,782
2026-06-07,1.0.28,2026-01-13T20:11:18.703+00:00,1523,5,1,0,1167,4.5034299942693785,782
2026-06-08,1.0.28,2026-01-13T20:11:18.703+00:00,1523,5,1,0,1167,4.5034053148262,782
2026-06-09,1.0.28,2026-01-13T20:11:18.703+00:00,1524,5,1,0,1167,4.503262384108327,782
2026-06-10,1.0.28,2026-01-13T20:11:18.703+00:00,1524,5,1,0,1168,4.503080150882752,782
2026-06-11,1.0.28,2026-01-13T20:11:18.703+00:00,1524,5,1,0,1168,4.502745726328849,782
2026-06-12,1.0.28,2026-01-13T20:11:18.703+00:00,1524,5,1,0,1168,4.502834026157238,783
2026-06-13,1.0.29,2026-06-12T19:23:37.207+00:00,1524,5,1,0,1180,4.502656389238906,793
2026-06-14,1.0.29,2026-06-12T19:23:37.207+00:00,1524,5,1,0,1184,4.502586880288117,800
2026-06-15,1.0.29,2026-06-12T19:23:37.207+00:00,1524,5,1,0,1202,4.502623544965589,804
2026-06-16,1.0.29,2026-06-12T19:23:37.207+00:00,1525,5,1,0,1208,4.502508086560997,807
2026-06-17,1.0.30,2026-06-17T15:06:05.773+00:00,1525,5,1,0,1215,4.502569957797357,810
2026-06-18,1.0.31,2026-06-17T15:40:49.7+00:00,1525,5,1,0,1235,4.502570903681409,831
2026-06-19,1.0.31,2026-06-17T15:40:49.7+00:00,1525,5,1,0,1245,4.502414483227145,835
2026-06-20,1.0.32,2026-06-19T15:46:47.237+00:00,1526,5,1,0,1262,4.502222375491629,848
2026-06-21,1.0.32,2026-06-19T15:46:47.237+00:00,1526,5,1,0,1267,4.502203292288616,853
2026-06-22,1.0.32,2026-06-19T15:46:47.237+00:00,1527,5,1,0,1283,4.50205740953764,856
2026-06-23,1.0.32,2026-06-19T15:46:47.237+00:00,1527,5,1,0,1291,4.501935152519366,859
2026-06-24,1.0.32,2026-06-19T15:46:47.237+00:00,1527,5,1,0,1296,4.5019545412870805,862
2026-06-25,1.0.32,2026-06-19T15:46:47.237+00:00,1527,5,1,0,1298,4.501939672410881,865
2026-06-26,1.0.32,2026-06-19T15:46:47.237+00:00,1527,5,1,0,1301,4.501979953938031,868
2026-06-27,1.0.32,2026-06-19T15:46:47.237+00:00,1529,5,1,0,1304,4.501913773339291,869
2026-06-28,1.0.32,2026-06-19T15:46:47.237+00:00,1529,5,1,0,1306,4.501775784952443,870
2026-06-29,1.0.32,2026-06-19T15:46:47.237+00:00,1529,5,1,0,1312,4.501820112618947,872
2026-06-30,1.0.32,2026-06-19T15:46:47.237+00:00,1531,5,1,0,1313,4.501665054488658,873
2026-07-01,1.0.32,2026-06-19T15:46:47.237+00:00,1531,5,1,0,1316,4.5017097054826465,874
2026-07-02,1.0.32,2026-06-19T15:46:47.237+00:00,1531,5,1,0,1319,4.501613195456789,878
2026-07-03,1.0.32,2026-06-19T15:46:47.237+00:00,1532,5,1,0,1323,4.501516850446745,879
2026-07-04,1.0.32,2026-06-19T15:46:47.237+00:00,1532,5,1,0,1324,4.5015255916687025,884
2026-07-05,1.0.32,2026-06-19T15:46:47.237+00:00,1532,5,1,0,1325,4.501438228182627,885
2026-07-06,1.0.32,2026-06-19T15:46:47.237+00:00,1532,5,1,0,1332,4.501400730816078,885
2026-07-07,1.0.32,2026-06-19T15:46:47.237+00:00,1532,5,1,0,1335,4.501395221159987,886
2026-07-08,1.0.32,2026-06-19T15:46:47.237+00:00,1532,5,1,0,1337,4.501352227634575,887
2026-07-09,1.0.32,2026-06-19T15:46:47.237+00:00,1532,5,1,0,1342,4.501353322568708,888
2026-07-10,1.0.32,2026-06-19T15:46:47.237+00:00,1532,5,1,0,1344,4.5013679935946485,889
2026-07-11,1.0.32,2026-06-19T15:46:47.237+00:00,1533,5,1,0,1345,4.501377829248675,890
2026-07-12,1.0.32,2026-06-19T15:46:47.237+00:00,1533,5,1,0,1345,4.501277669954419,891
2026-07-13,1.0.32,2026-06-19T15:46:47.237+00:00,1533,5,1,0,1349,4.501304099696087,892
2026-07-14,1.0.32,2026-06-19T15:46:47.237+00:00,1533,5,1,0,1350,4.501295419060195,893
2026-07-15,1.0.32,2026-06-19T15:46:47.237+00:00,1534,5,1,0,1351,4.501306525228111,895
2026-07-16,1.0.32,2026-06-19T15:46:47.237+00:00,1534,5,1,0,1353,4.501312987817196,896
2026-07-17,1.0.32,2026-06-19T15:46:47.237+00:00,1534,5,1,0,1354,4.5011017845931125,898
2026-07-18,1.0.32,2026-06-19T15:46:47.237+00:00,1534,5,1,0,1354,4.5010818111774835,899
2026-07-19,1.0.32,2026-06-19T15:46:47.237+00:00,1535,5,1,0,1355,4.501065879397373,900
2026-07-20,1.0.32,2026-06-19T15:46:47.237+00:00,1535,5,1,0,1356,4.501065082494277,903
2026-07-21,1.0.32,2026-06-19T15:46:47.237+00:00,1536,5,1,0,1357,4.501062875843866,904
2026-07-22,1.0.32,2026-06-19T15:46:47.237+00:00,1536,5,1,0,1358,4.501141769481011,906
2026-07-23,1.0.32,2026-06-19T15:46:47.237+00:00,1536,5,1,0,1359,4.5012115338017935,910
2026-07-24,1.0.32,2026-06-19T15:46:47.237+00:00,1537,5,1,0,1359,4.501317985826972,911
2026-07-25,1.0.32,2026-06-19T15:46:47.237+00:00,1537,5,1,0,1359,4.50119428942531,917
2026-07-26,1.0.32,2026-06-19T15:46:47.237+00:00,1537,5,1,0,1359,4.501216009507983,918
2026-07-27,1.0.32,2026-06-19T15:46:47.237+00:00,1537,5,1,0,1360,4.501182316636388,920
2026-07-28,1.0.32,2026-06-19T15:46:47.237+00:00,1538,5,1,0.06501950585175553,1361,4.501265987073953,921
2026-07-29,1.0.32,2026-06-19T15:46:47.237+00:00,1538,5,1,0,1363,4.501286260081294,924
2026-07-30,1.0.32,2026-06-19T15:46:47.237+00:00,1538,5,1,0,1364,4.501255832614275,926
2026-07-31,1.0.32,2026-06-19T15:46:47.237+00:00,1539,5,1,0,1367,4.501234084919988,928
2026-08-01,1.0.32,2026-06-19T15:46:47.237+00:00,1539,5,1,0,1367,4.5012024314493235,930
2026-08-02,1.0.32,2026-06-19T15:46:47.237+00:00,1541,5,1,0,1368,4.50129939171333,932
2026-08-03,1.0.32,2026-06-19T15:46:47.237+00:00,1542,5,1,0,1368,4.501318187584051,934
2026-08-04,1.0.32,2026-06-19T15:46:47.237+00:00,1542,5,1,0,1368,4.501335937684422,937
2026-08-05,1.0.32,2026-06-19T15:46:47.237+00:00,1542,5,1,0,1368,4.50137970548721,938
2026-08-06,1.0.32,2026-06-19T15:46:47.237+00:00,1543,5,1,0,1369,4.50137970548721,939
2026-08-07,1.0.32,2026-06-19T15:46:47.237+00:00,1544,5,1,0,1371,4.501338051373935,941
2026-08-08,1.0.32,2026-06-19T15:46:47.237+00:00,1544,5,1,0,1371,4.501394849197345,942
2026-08-09,1.0.32,2026-06-19T15:46:47.237+00:00,1545,5,1,0,1371,4.501444358235911,943
2026-08-10,1.0.32,2026-06-19T15:46:47.237+00:00,1545,5,1,0,1372,4.501250268970717,944
2026-08-11,1.0.32,2026-06-19T15:46:47.237+00:00,1545,5,1,0,1373,4.501387651191539,945
2026-08-12,1.0.32,2026-06-19T15:46:47.237+00:00,1545,5,1,0,1373,4.501388727649481,946
2026-08-13,1.0.32,2026-06-19T15:46:47.237+00:00,1545,5,1,0,1375,4.501374988778952,947
2026-08-14,1.0.32,2026-06-19T15:46:47.237+00:00,1545,5,1,0,1378,4.501368489824149,948
2026-08-15,1.0.32,2026-06-19T15:46:47.237+00:00,1545,5,1,0,1380,4.501375752834926,949
2026-08-16,1.0.32,2026-06-19T15:46:47.237+00:00,1545,5,1,0,1381,4.501418642959177,951
2026-08-17,1.0.32,2026-06-19T15:46:47.237+00:00,1545,5,1,0,1381,4.501418642959177,951
2026-08-18,1.0.32,2026-06-19T15:46:47.237+00:00,1545,5,1,0,1384,4.5014105555801525,952
2026-08-19,1.0.32,2026-06-19T15:46:47.237+00:00,1546,5,1,0,1384,4.501370554713986,953
2026-08-20,1.0.32,2026-06-19T15:46:47.237+00:00,1547,5,1,0,1385,4.501347679445676,954
2026-08-21,1.0.32,2026-06-19T15:46:47.237+00:00,1547,5,1,0,1386,4.501358645199199,955
2026-08-22,1.0.32,2026-06-19T15:46:47.237+00:00,1549,5,1,0,1387,4.501331391470579,956
2026-08-23,1.0.32,2026-06-19T15:46:47.237+00:00,1549,5,1,0,1387,4.501357300113408,957
2026-08-24,1.0.32,2026-06-19T15:46:47.237+00:00,1549,5,1,0,1387,4.501365240603194,958
2026-08-25,1.0.32,2026-06-19T15:46:47.237+00:00,1549,5,1,0,1387,4.501389726118941,959
2026-08-26,1.0.32,2026-06-19T15:46:47.237+00:00,1549,5,1,0,1387,4.501415256409558,960
2026-08-27,1.0.32,2026-06-19T15:46:47.237+00:00,1550,5,1,0,1387,4.501358642317237,961
2026-08-28,1.0.32,2026-06-19T15:46:47.237+00:00,1550,5,1,0,1388,4.501258841865484,962
2026-08-29,1.0.32,2026-06-19T15:46:47.237+00:00,1550,5,1,0,1388,4.501258841865484,963
2026-08-30,1.0.32,2026-06-19T15:46:47.237+00:00,1550,5,1,0,1388,4.501258729524876,995
2026-08-31,1.0.32,2026-06-19T15:46:47.237+00:00,1550,5,1,0,1388,4.501258729524876,996
2026-09-01,1.0.32,2026-06-19T15:46:47.237+00:00,1551,5,1,0,1388,4.501258729524876,997
2026-09-02,1.0.32,2026-06-19T15:46:47.237+00:00,1551,5,1,0,1390,4.501258729524876,998
2026-09-03,1.0.32,2026-06-19T15:46:47.237+00:00,1551,5,1,0,1392,4.501251891444683,999
2026-09-04,1.0.32,2026-06-19T15:46:47.237+00:00,1551,5,1,0,1394,4.501232176954755,1000
2026-09-05,1.0.32,2026-06-19T15:46:47.237+00:00,1551,5,1,0,1394,4.501253337248313,1001
2026-09-06,1.0.32,2026-06-19T15:46:47.237+00:00,1551,5,1,0,1394,4.501253337248313,1002
2026-09-07,1.0.32,2026-06-19T15:46:47.237+00:00,1551,5,1,0,1396,4.501253337248313,1003
2026-09-08,1.0.32,2026-06-19T15:46:47.237+00:00,1551,5,1,0,1397,4.501253337248313,1004
2026-09-09,1.0.32,2026-06-19T15:46:47.237+00:00,1551,5,1,0,1398,4.501253337248313,1005
2026-09-10,1.0.32,2026-06-19T15:46:47.237+00:00,1551,5,1,0,1398,4.501253337248313,1006
2026-09-11,1.0.32,2026-06-19T15:46:47.237+00:00,1551,5,1,0,1400,4.501253337248313,1007
2026-09-12,1.0.32,2026-06-19T15:46:47.237+00:00,1552,5,1,0,1401,4.501253337248313,1008
2026-09-13,1.0.32,2026-06-19T15:46:47.237+00:00,1552,5,1,0,1406,4.501253337248313,1010
2026-09-14,1.0.32,2026-06-19T15:46:47.237+00:00,1553,5,1,0,1406,4.500440601212006,1011
2026-09-15,1.0.32,2026-06-19T15:46:47.237+00:00,1553,5,1,0,1407,4.500440601212006,1037
2026-09-16,1.0.32,2026-06-19T15:46:47.237+00:00,1553,5,1,0,1408,4.500440601212006,1038
2026-09-17,1.0.32,2026-06-19T15:46:47.237+00:00,1555,5,1,0,1408,4.500440601212006,1039
2026-09-18,1.0.32,2026-06-19T15:46:47.237+00:00,1555,5,1,0,1408,4.500440601212006,1040
2026-09-19,1.0.32,2026-06-19T15:46:47.237+00:00,1555,5,1,0,1410,4.500440601212006,1041
2026-09-20,1.0.32,2026-06-19T15:46:47.237+00:00,1555,5,1,0,1410,4.500317674890166,1042
2026-09-21,1.0.32,2026-06-19T15:46:47.237+00:00,1555,5,1,0,1411,4.5003470637970295,1043
2026-09-22,1.0.32,2026-06-19T15:46:47.237+00:00,1555,5,1,0,1412,4.500434475290028,1075
2026-09-23,1.0.32,2026-06-19T15:46:47.237+00:00,1555,5,1,0,1412,4.500278199428475,1077
2026-09-24,1.0.32,2026-06-19T15:46:47.237+00:00,1555,5,1,0,1412,4.500165218574455,1078
2026-09-25,1.0.32,2026-06-19T15:46:47.237+00:00,1555,5,1,0,1413,4.500119274937907,1079
2026-09-26,1.0.32,2026-06-19T15:46:47.237+00:00,1555,5,1,0,1415,4.499974372047728,1081
2026-09-27,1.0.32,2026-06-19T15:46:47.237+00:00,1555,5,1,0,1415,4.499969791909411,1081
2026-09-28,1.0.32,2026-06-19T15:46:47.237+00:00,1555,5,1,0,1416,4.5000188753525645,1082
2026-09-29,1.0.32,2026-06-19T15:46:47.237+00:00,1556,5,1,0,1416,4.500064696304763,1114
2026-09-30,1.0.32,2026-06-19T15:46:47.237+00:00,1556,5,1,0,1416,4.5000587386389235,1115
2026-10-01,1.0.32,2026-06-19T15:46:47.237+00:00,1556,5,1,0,1417,4.5000794542168645,1117
2026-10-02,1.0.32,2026-06-19T15:46:47.237+00:00,1556,5,1,0,1417,4.499713834525824,1118
2026-10-03,1.0.32,2026-06-19T15:46:47.237+00:00,1556,5,1,0,1417,4.499149778834875,1119
2026-10-04,1.0.32,2026-06-19T15:46:47.237+00:00,1556,5,1,0,1417,4.49862712410895,1120
2026-10-06,1.0.32,2026-06-19T15:46:47.237+00:00,1556,5,1,0,1418,4.498303487225449,1122
2026-10-07,1.0.32,2026-06-19T15:46:47.237+00:00,1556,5,1,0,1418,4.498303910792377,1123
2026-10-08,1.0.33,2026-10-08T14:14:43.57+00:00,1556,5,1,0,1418,4.498356235661408,1131
2026-10-09,1.0.33,2026-10-08T14:14:43.57+00:00,1556,5,1,0,1430,4.498309772587584,1136
2026-10-10,1.0.33,2026-10-08T14:14:43.57+00:00,1557,5,1,0,1435,4.49823497310026,1137
