date,version,lastUpdated,install,averagerating,ratingcount,trendingdaily,updateCount,weightedRating,downloadCount
2024-12-09,1.0.23,2024-12-09T11:55:49.45+00:00,0,0,0,0,0,0,0
2024-12-10,1.0.23,2024-12-09T11:55:49.45+00:00,10,5,1,0,2,4.403204729309272,3
2024-12-11,1.0.23,2024-12-09T11:55:49.45+00:00,13,5,1,0,2,4.403204729309272,4
2024-12-12,1.0.32,2024-12-11T16:31:18.18+00:00,18,5,3,0,9,4.403204729309272,10
2024-12-13,1.0.34,2024-12-13T05:06:05.16+00:00,22,5,1,0,11,4.403204729309272,13
2024-12-14,1.0.34,2024-12-13T05:06:05.16+00:00,23,5,1,0,15,4.403204729309272,14
2024-12-15,1.0.34,2024-12-13T05:06:05.16+00:00,25,5,1,0,15,4.403204729309272,21
2024-12-16,1.0.34,2024-12-13T05:06:05.16+00:00,29,5,1,0,17,4.403204729309272,23
2024-12-17,1.0.34,2024-12-13T05:06:05.16+00:00,36,5,1,0,18,4.403204729309272,25
2024-12-17,1.0.34,2024-12-13T05:06:05.16+00:00,49,5,2,0,18,4.403204729309272,27
2024-12-18,1.0.34,2024-12-13T05:06:05.16+00:00,51,5,2,0,18,4.403204729309272,27
2024-12-19,1.1.0,2024-12-19T11:21:44.14+00:00,52,5,2,0,30,4.403204729309272,30
2024-12-20,1.1.3,2024-12-20T12:19:15.83+00:00,60,5,1,0,45,4.403204729309272,37
2024-12-21,1.1.4,2024-12-20T16:38:57.04+00:00,60,5,1,0,54,4.403204729309272,49
2024-12-22,1.1.4,2024-12-20T16:38:57.04+00:00,60,5,1,0,59,4.403204729309272,49
2024-12-23,1.1.4,2024-12-20T16:38:57.04+00:00,61,5,1,0,62,4.403204729309272,49
2024-12-24,1.1.4,2024-12-20T16:38:57.04+00:00,63,5,1,0,64,4.403204729309272,49
2024-12-25,1.1.4,2024-12-20T16:38:57.04+00:00,65,5,1,0,64,4.403204729309272,49
2024-12-26,1.1.4,2024-12-20T16:38:57.04+00:00,65,5,1,0,67,4.403204729309272,49
2024-12-27,1.1.7,2024-12-26T13:05:32.527+00:00,68,5,1,0,73,4.403204729309272,53
2024-12-28,1.1.7,2024-12-26T13:05:32.527+00:00,68,5,1,0,74,4.403204729309272,54
2024-12-29,1.1.7,2024-12-26T13:05:32.527+00:00,69,5,1,0,77,4.403204729309272,54
2024-12-30,1.1.7,2024-12-26T13:05:32.527+00:00,70,5,1,0,77,4.403204729309272,54
2024-12-31,1.1.7,2024-12-26T13:05:32.527+00:00,71,5,1,0,80,4.403204729309272,54
2025-01-01,1.1.7,2024-12-26T13:05:32.527+00:00,74,5,1,0,81,4.403204729309272,54
2025-01-02,1.1.7,2024-12-26T13:05:32.527+00:00,76,5,1,0,82,4.403204729309272,54
2025-01-03,1.1.7,2024-12-26T13:05:32.527+00:00,77,5,1,0,85,4.403204729309272,55
2025-01-04,1.1.7,2024-12-26T13:05:32.527+00:00,79,5,1,0,87,4.403204729309272,55
2025-01-05,1.1.7,2024-12-26T13:05:32.527+00:00,81,5,1,0,87,4.403204729309272,55
2025-01-06,1.1.7,2024-12-26T13:05:32.527+00:00,84,5,1,0,87,4.403204729309272,55
2025-01-07,1.1.7,2024-12-26T13:05:32.527+00:00,88,5,1,0,90,4.403204729309272,56
2025-01-08,1.1.7,2024-12-26T13:05:32.527+00:00,90,5,1,0,90,4.403204729309272,56
2025-01-09,1.1.7,2024-12-26T13:05:32.527+00:00,91,5,1,0,91,4.403204729309272,56
2025-01-10,1.1.14,2025-01-10T12:13:50.427+00:00,98,5,1,0,97,4.403204729309272,57
2025-01-11,1.1.14,2025-01-10T12:13:50.427+00:00,100,5,1,1,101,4.403204729309272,61
2025-01-12,1.1.14,2025-01-10T12:13:50.427+00:00,102,5,2,0,102,4.403204729309272,63
2025-01-13,1.1.14,2025-01-10T12:13:50.427+00:00,103,5,2,0,106,4.403204729309272,63
2025-01-14,1.1.14,2025-01-10T12:13:50.427+00:00,108,5,1,0,109,4.403204729309272,63
2025-01-15,1.1.14,2025-01-10T12:13:50.427+00:00,111,5,1,0,111,4.403204729309272,63
2025-01-16,1.1.17,2025-01-15T13:28:29.203+00:00,115,5,1,0,126,4.403204729309272,66
2025-01-17,1.1.17,2025-01-15T13:28:29.203+00:00,117,5,2,0,131,4.403204729309272,66
2025-01-18,1.1.17,2025-01-15T13:28:29.203+00:00,121,5,2,0,138,4.403204729309272,67
2025-01-19,1.1.17,2025-01-15T13:28:29.203+00:00,121,5,2,0,138,4.403204729309272,67
2025-01-20,1.1.17,2025-01-15T13:28:29.203+00:00,121,5,2,0,143,4.403204729309272,67
2025-01-21,1.1.17,2025-01-15T13:28:29.203+00:00,124,5,2,0,147,4.403204729309272,82
2025-01-22,1.1.17,2025-01-15T13:28:29.203+00:00,126,5,1,0,147,4.403204729309272,82
2025-01-23,1.1.17,2025-01-15T13:28:29.203+00:00,128,5,1,0,148,4.403204729309272,82
2025-01-24,1.1.17,2025-01-15T13:28:29.203+00:00,131,5,1,0,150,4.403204729309272,82
2025-01-25,1.1.17,2025-01-15T13:28:29.203+00:00,132,5,1,0,151,4.403204729309272,84
2025-01-26,1.1.17,2025-01-15T13:28:29.203+00:00,132,5,1,0,152,4.403204729309272,84
2025-01-27,1.1.17,2025-01-15T13:28:29.203+00:00,135,5,1,0,153,4.403204729309272,84
2025-01-28,1.1.17,2025-01-15T13:28:29.203+00:00,139,5,1,0,153,4.403204729309272,84
2025-01-29,1.1.17,2025-01-15T13:28:29.203+00:00,142,5,1,0,153,4.403204729309272,84
2025-01-30,1.1.17,2025-01-15T13:28:29.203+00:00,147,5,1,0,153,4.403204729309272,84
2025-01-31,1.1.23,2025-01-30T16:19:56.033+00:00,150,5,1,0,161,4.403204729309272,87
2025-02-01,1.1.23,2025-01-30T16:19:56.033+00:00,155,5,1,0,161,4.403204729309272,88
2025-02-02,1.1.23,2025-01-30T16:19:56.033+00:00,157,5,1,0,161,4.403204729309272,88
2025-02-03,1.1.23,2025-01-30T16:19:56.033+00:00,159,5,1,0,161,4.403204729309272,88
2025-02-04,1.1.23,2025-01-30T16:19:56.033+00:00,160,2.5,2,0,162,4.403204729309272,88
2025-02-05,1.1.23,2025-01-30T16:19:56.033+00:00,163,5,2,0,163,4.403204729309272,88
2025-02-06,1.1.23,2025-01-30T16:19:56.033+00:00,167,5,2,0,163,4.403204729309272,88
2025-02-07,1.1.23,2025-01-30T16:19:56.033+00:00,170,5,2,0,163,4.403204729309272,88
2025-02-08,1.1.23,2025-01-30T16:19:56.033+00:00,171,5,2,0,163,4.403204729309272,88
2025-02-09,1.1.23,2025-01-30T16:19:56.033+00:00,171,5,1,0,163,4.403204729309272,88
2025-02-10,1.1.23,2025-01-30T16:19:56.033+00:00,173,5,1,0,163,4.403204729309272,88
2025-02-11,1.1.23,2025-01-30T16:19:56.033+00:00,182,5,2,0,163,4.403204729309272,88
2025-02-12,1.1.23,2025-01-30T16:19:56.033+00:00,185,5,1,0,164,4.403204729309272,88
2025-02-13,1.1.23,2025-01-30T16:19:56.033+00:00,185,5,1,0,164,4.403204729309272,88
2025-02-14,1.1.23,2025-01-30T16:19:56.033+00:00,186,5,1,0,164,4.403204729309272,88
2025-02-15,1.1.23,2025-01-30T16:19:56.033+00:00,187,5,1,0,165,4.403204729309272,88
2025-02-16,1.1.23,2025-01-30T16:19:56.033+00:00,188,5,1,0,165,4.403204729309272,88
2025-02-17,1.1.23,2025-01-30T16:19:56.033+00:00,188,5,1,0,165,4.403204729309272,104
2025-02-18,1.1.23,2025-01-30T16:19:56.033+00:00,190,5,1,0,165,4.403204729309272,104
2025-02-19,1.1.23,2025-01-30T16:19:56.033+00:00,193,5,1,0,166,4.403204729309272,104
2025-02-20,1.1.23,2025-01-30T16:19:56.033+00:00,196,5,1,0,166,4.403204729309272,104
2025-02-21,1.1.23,2025-01-30T16:19:56.033+00:00,199,5,1,0,166,4.403204729309272,104
2025-02-22,1.1.23,2025-01-30T16:19:56.033+00:00,203,5,1,0,167,4.403204729309272,104
2025-02-23,1.1.23,2025-01-30T16:19:56.033+00:00,206,5,1,0,167,4.403204729309272,104
2025-02-24,1.1.23,2025-01-30T16:19:56.033+00:00,209,5,1,0,167,4.403204729309272,104
2025-02-25,1.1.23,2025-01-30T16:19:56.033+00:00,212,5,1,0,167,4.403204729309272,104
2025-02-26,1.1.23,2025-01-30T16:19:56.033+00:00,214,5,1,0.4694835680751174,168,4.403204729309272,104
2025-02-27,1.1.23,2025-01-30T16:19:56.033+00:00,217,5,1,0,168,4.403204729309272,104
2025-02-28,1.1.25,2025-02-27T17:05:58.947+00:00,222,5,1,0,173,4.403204729309272,107
2025-03-01,1.1.25,2025-02-27T17:05:58.947+00:00,226,5,2,0,174,4.403204729309272,109
2025-03-02,1.1.25,2025-02-27T17:05:58.947+00:00,227,5,1,0,175,4.403204729309272,109
2025-03-03,1.1.25,2025-02-27T17:05:58.947+00:00,227,5,2,0,176,4.403204729309272,109
2025-03-04,1.1.25,2025-02-27T17:05:58.947+00:00,229,5,1,0,177,4.403204729309272,110
2025-03-05,1.1.27,2025-03-04T13:58:04.13+00:00,237,5,2,0,185,4.403204729309272,116
2025-03-06,1.1.27,2025-03-04T13:58:04.13+00:00,241,5,2,0,186,4.403204729309272,134
2025-03-07,1.1.27,2025-03-04T13:58:04.13+00:00,247,5,2,0,190,4.403204729309272,134
2025-03-08,1.1.27,2025-03-04T13:58:04.13+00:00,250,5,1,0,190,4.403204729309272,135
2025-03-09,1.1.27,2025-03-04T13:58:04.13+00:00,250,5,2,0,190,4.403204729309272,135
2025-03-10,1.1.27,2025-03-04T13:58:04.13+00:00,256,5,1,0,194,4.403204729309272,135
2025-03-11,1.1.28,2025-03-11T10:42:15.333+00:00,261,5,1,0,197,4.403204729309272,136
2025-03-12,1.1.28,2025-03-11T10:42:15.333+00:00,263,5,1,0,201,4.403204729309272,139
2025-03-13,1.1.29,2025-03-12T16:11:59.03+00:00,267,5,1,0,208,4.403204729309272,144
2025-03-14,1.1.29,2025-03-12T16:11:59.03+00:00,267,5,1,0,209,4.403204729309272,152
2025-03-15,1.1.29,2025-03-12T16:11:59.03+00:00,268,5,1,0,210,4.403204729309272,158
2025-03-16,1.1.29,2025-03-12T16:11:59.03+00:00,269,5,1,0,210,4.403204729309272,159
2025-03-17,1.1.29,2025-03-12T16:11:59.03+00:00,270,5,1,0,210,4.403204729309272,159
2025-03-18,1.1.29,2025-03-12T16:11:59.03+00:00,273,5,1,0,210,4.403204729309272,159
2025-03-19,1.1.29,2025-03-12T16:11:59.03+00:00,282,5,1,0,212,4.403204729309272,160
2025-03-20,1.1.30,2025-03-20T11:28:22.5+00:00,289,5,1,0,213,4.403204729309272,168
2025-03-21,1.2.0,2025-03-21T11:50:37.33+00:00,295,5,1,0,221,4.403204729309272,177
2025-03-22,1.2.0,2025-03-21T11:50:37.33+00:00,299,5,1,0,236,4.403204729309272,184
2025-03-23,1.2.0,2025-03-21T11:50:37.33+00:00,303,5,1,0.33222591362126247,237,4.403204729309272,186
2025-03-24,1.2.0,2025-03-21T11:50:37.33+00:00,308,5,1,0.6535947712418301,244,4.403204729309272,188
2025-03-25,1.2.0,2025-03-21T11:50:37.33+00:00,313,5,1,0,250,4.403204729309272,194
2025-03-26,1.2.0,2025-03-21T11:50:37.33+00:00,317,5,1,0,250,4.403204729309272,198
2025-03-27,1.2.0,2025-03-21T11:50:37.33+00:00,320,5,1,0,252,4.403204729309272,199
2025-03-28,1.2.0,2025-03-21T11:50:37.33+00:00,326,5,1,0,252,4.403204729309272,200
2025-03-29,1.2.0,2025-03-21T11:50:37.33+00:00,326,5,1,0,252,4.403204729309272,204
2025-03-30,1.2.0,2025-03-21T11:50:37.33+00:00,328,5,1,0,252,4.403204729309272,206
2025-03-31,1.2.0,2025-03-21T11:50:37.33+00:00,330,5,1,0,257,4.403204729309272,207
2025-04-01,1.2.0,2025-03-21T11:50:37.33+00:00,334,5,1,0.3003003003003003,257,4.403204729309272,209
2025-04-02,1.2.0,2025-03-21T11:50:37.33+00:00,336,5,1,0,257,4.403204729309272,211
2025-04-03,1.2.0,2025-03-21T11:50:37.33+00:00,343,5,1,0,257,4.403204729309272,218
2025-04-04,1.2.0,2025-03-21T11:50:37.33+00:00,345,5,1,0,257,4.403204729309272,220
2025-04-05,1.2.0,2025-03-21T11:50:37.33+00:00,346,5,1,0,257,4.403204729309272,222
2025-04-06,1.2.0,2025-03-21T11:50:37.33+00:00,347,5,1,0,257,4.403204729309272,224
2025-04-07,1.2.0,2025-03-21T11:50:37.33+00:00,351,5,1,0,257,4.403204729309272,225
2025-04-08,1.2.0,2025-03-21T11:50:37.33+00:00,356,5,1,0,258,4.403204729309272,226
2025-04-09,1.2.0,2025-03-21T11:50:37.33+00:00,358,5,1,0,260,4.403204729309272,226
2025-04-10,1.2.0,2025-03-21T11:50:37.33+00:00,361,5,1,0,260,4.403204729309272,227
2025-04-11,1.2.0,2025-03-21T11:50:37.33+00:00,367,5,1,0,260,4.403204729309272,228
2025-04-12,1.2.0,2025-03-21T11:50:37.33+00:00,368,5,1,0,261,4.403204729309272,229
2025-04-13,1.2.0,2025-03-21T11:50:37.33+00:00,369,5,1,0,261,4.403204729309272,230
2025-04-14,1.2.0,2025-03-21T11:50:37.33+00:00,371,5,1,0,261,4.403204729309272,232
2025-04-15,1.2.0,2025-03-21T11:50:37.33+00:00,373,5,1,0,262,4.403204729309272,235
2025-04-16,1.2.0,2025-03-21T11:50:37.33+00:00,375,5,1,0,263,4.403204729309272,236
2025-04-17,1.2.0,2025-03-21T11:50:37.33+00:00,379,5,1,0,264,4.403204729309272,238
2025-04-18,1.2.0,2025-03-21T11:50:37.33+00:00,381,5,1,0,264,4.403204729309272,240
2025-04-19,1.2.0,2025-03-21T11:50:37.33+00:00,384,5,1,0,264,4.403204729309272,241
2025-04-20,1.2.0,2025-03-21T11:50:37.33+00:00,385,5,1,0,264,4.403204729309272,241
2025-04-21,1.2.0,2025-03-21T11:50:37.33+00:00,386,5,1,0,265,4.403204729309272,242
2025-04-22,1.2.0,2025-03-21T11:50:37.33+00:00,389,5,1,0,265,4.403204729309272,243
2025-04-23,1.2.0,2025-03-21T11:50:37.33+00:00,390,5,1,0,265,4.403204729309272,245
2025-04-24,1.2.0,2025-03-21T11:50:37.33+00:00,391,5,1,0,266,4.403204729309272,246
2025-04-25,1.2.0,2025-03-21T11:50:37.33+00:00,393,5,1,0,266,4.403204729309272,247
2025-04-26,1.2.0,2025-03-21T11:50:37.33+00:00,398,5,1,0,266,4.403204729309272,248
2025-04-27,1.2.0,2025-03-21T11:50:37.33+00:00,399,5,1,0,266,4.403204729309272,250
2025-04-28,1.2.0,2025-03-21T11:50:37.33+00:00,399,5,1,0,266,4.403204729309272,252
2025-04-29,1.2.0,2025-03-21T11:50:37.33+00:00,402,5,1,0,266,4.403204729309272,254
2025-04-30,1.2.0,2025-03-21T11:50:37.33+00:00,404,5,1,0,266,4.403204729309272,256
2025-05-01,1.2.0,2025-03-21T11:50:37.33+00:00,404,5,1,0,266,4.403204729309272,257
2025-05-02,1.2.0,2025-03-21T11:50:37.33+00:00,407,5,1,0,266,4.403204729309272,258
2025-05-03,1.2.0,2025-03-21T11:50:37.33+00:00,407,5,1,0,267,4.403204729309272,259
2025-05-04,1.2.0,2025-03-21T11:50:37.33+00:00,408,5,1,0,267,4.403204729309272,285
2025-05-05,1.2.0,2025-03-21T11:50:37.33+00:00,409,5,1,0,267,4.403204729309272,285
2025-05-06,1.2.0,2025-03-21T11:50:37.33+00:00,415,5,1,0,267,4.403204729309272,286
2025-05-07,1.2.0,2025-03-21T11:50:37.33+00:00,418,5,1,0,267,4.403204729309272,287
2025-05-08,1.2.0,2025-03-21T11:50:37.33+00:00,418,5,1,0,267,4.403204729309272,287
2025-05-09,1.2.0,2025-03-21T11:50:37.33+00:00,420,5,1,0,267,4.403204729309272,287
2025-05-10,1.2.0,2025-03-21T11:50:37.33+00:00,421,5,1,0,267,4.403204729309272,288
2025-05-11,1.2.0,2025-03-21T11:50:37.33+00:00,424,5,1,0,267,4.403204729309272,289
2025-05-12,1.2.0,2025-03-21T11:50:37.33+00:00,426,5,1,0,268,4.403204729309272,290
2025-05-13,1.2.6,2025-05-13T11:50:17.373+00:00,428,5,1,0,269,4.403204729309272,291
2025-05-14,1.2.6,2025-05-13T11:50:17.373+00:00,428,5,1,0,283,4.403204729309272,299
2025-05-15,1.2.6,2025-05-13T11:50:17.373+00:00,431,5,1,0,287,4.403204729309272,300
2025-05-16,1.2.6,2025-05-13T11:50:17.373+00:00,432,5,1,0,287,4.403204729309272,300
2025-05-17,1.2.6,2025-05-13T11:50:17.373+00:00,432,5,1,0,289,4.403204729309272,302
2025-05-18,1.2.6,2025-05-13T11:50:17.373+00:00,432,5,1,0,291,4.403204729309272,302
2025-05-19,1.2.6,2025-05-13T11:50:17.373+00:00,433,5,1,0,291,4.403204729309272,302
2025-05-20,1.2.7,2025-05-20T12:07:20.723+00:00,435,5,1,0,294,4.403204729309272,304
2025-05-21,1.2.7,2025-05-20T12:07:20.723+00:00,438,5,1,0,308,4.403204729309272,309
2025-05-22,1.3.0,2025-05-22T11:51:44.907+00:00,441,5,1,0,315,4.403204729309272,312
2025-05-23,1.3.0,2025-05-22T11:51:44.907+00:00,442,5,1,0,385,4.403204729309272,323
2025-05-24,1.3.0,2025-05-22T11:51:44.907+00:00,444,5,1,0,398,4.403204729309272,326
2025-05-25,1.3.0,2025-05-22T11:51:44.907+00:00,445,5,1,0,405,4.403204729309272,326
2025-05-26,1.3.0,2025-05-22T11:51:44.907+00:00,445,5,1,0,412,4.403204729309272,326
2025-05-27,1.3.0,2025-05-22T11:51:44.907+00:00,446,5,1,0,424,4.403204729309272,326
2025-05-28,1.3.1,2025-05-28T09:24:31.187+00:00,448,5,1,0,436,4.403204729309272,328
2025-05-29,1.3.1,2025-05-28T09:24:31.187+00:00,450,5,1,0,451,4.403204729309272,330
2025-05-31,1.3.1,2025-05-28T09:24:31.187+00:00,455,5,1,0,462,4.403204729309272,333
2025-06-01,1.3.1,2025-05-28T09:24:31.187+00:00,456,5,1,0,465,4.403204729309272,338
2025-06-02,1.3.1,2025-05-28T09:24:31.187+00:00,456,5,1,0,465,4.403204729309272,338
2025-06-03,1.3.1,2025-05-28T09:24:31.187+00:00,457,5,4,0,466,4.403204729309272,338
2025-06-04,1.3.1,2025-05-28T09:24:31.187+00:00,461,5,4,0,468,4.403204729309272,338
2025-06-05,1.3.1,2025-05-28T09:24:31.187+00:00,462,5,4,0,470,4.403204729309272,338
2025-06-06,1.3.1,2025-05-28T09:24:31.187+00:00,465,5,4,0,471,4.403204729309272,339
2025-06-07,1.3.1,2025-05-28T09:24:31.187+00:00,466,5,4,0,471,4.403204729309272,339
2025-06-08,1.3.1,2025-05-28T09:24:31.187+00:00,466,5,4,0,471,4.403204729309272,341
2025-06-09,1.3.1,2025-05-28T09:24:31.187+00:00,466,5,4,0,474,4.403204729309272,342
2025-06-10,1.3.1,2025-05-28T09:24:31.187+00:00,468,5,1,0,479,4.403204729309272,345
2025-06-11,1.3.1,2025-05-28T09:24:31.187+00:00,473,5,1,0.211864406779661,483,4.403204729309272,346
2025-06-12,1.3.1,2025-05-28T09:24:31.187+00:00,474,5,1,0,485,4.403204729309272,348
2025-06-13,1.3.1,2025-05-28T09:24:31.187+00:00,476,5,1,0,487,4.403204729309272,349
2025-06-14,1.3.1,2025-05-28T09:24:31.187+00:00,477,5,2,0,487,4.403204729309272,349
2025-06-15,1.3.1,2025-05-28T09:24:31.187+00:00,477,5,2,0,487,4.403204729309272,350
2025-06-16,1.3.1,2025-05-28T09:24:31.187+00:00,479,5,2,0,488,4.403204729309272,350
2025-06-17,1.3.1,2025-05-28T09:24:31.187+00:00,480,5,2,0,489,4.403204729309272,351
2025-06-18,1.3.1,2025-05-28T09:24:31.187+00:00,482,5,2,0,489,4.403204729309272,353
2025-06-19,1.3.1,2025-05-28T09:24:31.187+00:00,486,5,2,0,493,4.403204729309272,354
2025-06-20,1.3.1,2025-05-28T09:24:31.187+00:00,492,5,1,0,494,4.403204729309272,355
2025-06-21,1.3.1,2025-05-28T09:24:31.187+00:00,494,5,1,0,494,4.403204729309272,356
2025-06-22,1.3.1,2025-05-28T09:24:31.187+00:00,496,5,1,0,495,4.403204729309272,356
2025-06-23,1.3.1,2025-05-28T09:24:31.187+00:00,498,5,1,0,495,4.403204729309272,357
2025-06-24,1.3.1,2025-05-28T09:24:31.187+00:00,504,5,4,0,499,4.403204729309272,358
2025-06-25,1.3.3,2025-06-25T07:31:11.767+00:00,508,5,2,0,509,4.403204729309272,361
2025-06-26,1.3.3,2025-06-25T07:31:11.767+00:00,510,5,4,0,515,4.403204729309272,366
2025-06-27,1.3.3,2025-06-25T07:31:11.767+00:00,512,5,2,0,517,4.403204729309272,368
2025-06-28,1.3.3,2025-06-25T07:31:11.767+00:00,514,5,2,0,518,4.403204729309272,370
2025-06-29,1.3.3,2025-06-25T07:31:11.767+00:00,515,5,2,0,518,4.403204729309272,371
2025-06-30,1.3.3,2025-06-25T07:31:11.767+00:00,517,5,1,0,518,4.403204729309272,372
2025-07-01,1.3.4,2025-07-01T04:16:29.993+00:00,523,5,1,0,532,4.403204729309272,375
2025-07-02,1.3.4,2025-07-01T04:16:29.993+00:00,526,5,1,0,540,4.403204729309272,378
2025-07-03,1.3.4,2025-07-01T04:16:29.993+00:00,528,5,1,0,546,4.403204729309272,379
2025-07-04,1.3.4,2025-07-01T04:16:29.993+00:00,535,5,1,0.18832391713747645,547,4.403204729309272,379
2025-07-05,1.3.4,2025-07-01T04:16:29.993+00:00,537,5,1,0,550,4.403204729309272,382
2025-07-06,1.3.4,2025-07-01T04:16:29.993+00:00,537,5,1,0,553,4.403204729309272,384
2025-07-07,1.3.4,2025-07-01T04:16:29.993+00:00,538,5,1,0,553,4.403204729309272,385
2025-07-08,1.3.4,2025-07-01T04:16:29.993+00:00,539,5,1,0,553,4.403204729309272,385
2025-07-09,1.3.4,2025-07-01T04:16:29.993+00:00,542,5,1,0,554,4.403204729309272,386
2025-07-10,1.3.4,2025-07-01T04:16:29.993+00:00,547,5,1,0,554,4.403204729309272,387
2025-07-11,1.3.4,2025-07-01T04:16:29.993+00:00,547,5,1,0,554,4.403204729309272,387
2025-07-12,1.3.4,2025-07-01T04:16:29.993+00:00,548,5,1,0,554,4.403204729309272,387
2025-07-13,1.3.4,2025-07-01T04:16:29.993+00:00,549,5,1,0,555,4.403204729309272,387
2025-07-14,1.3.4,2025-07-01T04:16:29.993+00:00,552,5,1,0.18181818181818182,555,4.403204729309272,388
2025-07-15,1.3.4,2025-07-01T04:16:29.993+00:00,555,5,1,0,556,4.403204729309272,388
2025-07-16,1.3.4,2025-07-01T04:16:29.993+00:00,557,5,1,0,556,4.457579009800322,389
2025-07-17,1.3.4,2025-07-01T04:16:29.993+00:00,557,5,1,0,556,4.457495677945172,390
2025-07-18,1.3.4,2025-07-01T04:16:29.993+00:00,558,5,1,0,557,4.4576272381718045,390
2025-07-19,1.3.4,2025-07-01T04:16:29.993+00:00,559,5,1,0,557,4.457726522958932,391
2025-07-20,1.3.4,2025-07-01T04:16:29.993+00:00,559,5,1,0,557,4.4577909951304076,392
2025-07-21,1.3.4,2025-07-01T04:16:29.993+00:00,560,5,1,0,558,4.457829882271712,392
2025-07-22,1.3.4,2025-07-01T04:16:29.993+00:00,562,5,1,0,559,4.457674975355584,393
2025-07-23,1.3.4,2025-07-01T04:16:29.993+00:00,565,5,3,0,559,4.4577087116253535,395
2025-07-24,1.3.4,2025-07-01T04:16:29.993+00:00,565,5,3,0,560,4.457541628268531,396
2025-07-25,1.3.5,2025-07-25T07:36:07.687+00:00,566,5,3,0,568,4.457681971042226,398
2025-07-26,1.3.5,2025-07-25T07:36:07.687+00:00,567,5,3,0,575,4.457387980522629,403
2025-07-27,1.3.5,2025-07-25T07:36:07.687+00:00,567,5,3,0,577,4.457345339102096,406
2025-07-28,1.3.5,2025-07-25T07:36:07.687+00:00,568,5,3,0,582,4.457094307561597,408
2025-07-30,1.4.0,2025-07-29T12:59:00.15+00:00,570,5,3,0,660,4.457146665170178,418
2025-07-31,1.4.0,2025-07-29T12:59:00.15+00:00,570,5,3,0,676,4.457257046697518,418
2025-08-01,1.4.0,2025-07-29T12:59:00.15+00:00,570,5,3,0,688,4.457290622788146,420
2025-08-02,1.4.0,2025-07-29T12:59:00.15+00:00,571,5,1,0,691,4.457275942983224,422
2025-08-03,1.4.0,2025-07-29T12:59:00.15+00:00,572,5,1,0,696,4.457285517202743,422
2025-08-04,1.4.0,2025-07-29T12:59:00.15+00:00,573,5,3,0,700,4.457214271711429,423
2025-08-05,1.4.0,2025-07-29T12:59:00.15+00:00,576,5,1,0,708,4.457010693091479,425
2025-08-06,1.4.0,2025-07-29T12:59:00.15+00:00,578,5,1,0,717,4.456822856183454,425
2025-08-07,1.4.0,2025-07-29T12:59:00.15+00:00,588,5,1,0,720,4.456780283167278,426
2025-08-08,1.4.0,2025-07-29T12:59:00.15+00:00,590,5,1,0,725,4.456551666305616,427
2025-08-09,1.4.0,2025-07-29T12:59:00.15+00:00,590,5,1,0,726,4.456438375301226,427
2025-08-10,1.4.0,2025-07-29T12:59:00.15+00:00,592,5,1,0,728,4.456366746971125,427
2025-08-11,1.4.0,2025-07-29T12:59:00.15+00:00,594,5,1,0,730,4.456390316095163,427
2025-08-12,1.4.1,2025-08-11T13:27:01+00:00,600,5,1,0,750,4.4563653490562745,433
2025-08-13,1.4.1,2025-08-11T13:27:01+00:00,606,5,1,0.1652892561983471,750,4.456307971267173,433
2025-08-14,1.4.1,2025-08-11T13:27:01+00:00,609,5,2,0,755,4.456267032821507,435
2025-08-15,1.4.1,2025-08-11T13:27:01+00:00,613,5,4,0.1631321370309951,757,4.456081198754433,437
2025-08-16,1.4.1,2025-08-11T13:27:01+00:00,613,5,4,0,759,4.456051532033426,438
2025-08-17,1.4.1,2025-08-11T13:27:01+00:00,613,5,4,0,759,4.455973266499583,438
2025-08-18,1.4.1,2025-08-11T13:27:01+00:00,617,5,2,0,760,4.455939470716801,439
2025-08-19,1.4.1,2025-08-11T13:27:01+00:00,619,5,2,0,765,4.4559918189027865,440
2025-08-20,1.4.1,2025-08-11T13:27:01+00:00,620,5,2,0,766,4.455821715398255,441
2025-08-21,1.4.1,2025-08-11T13:27:01+00:00,621,5,2,0,768,4.455746523313433,442
2025-08-22,1.4.1,2025-08-11T13:27:01+00:00,627,5,2,0,774,4.455550229595204,442
2025-08-23,1.4.1,2025-08-11T13:27:01+00:00,628,5,2,0,778,4.455541666666667,444
2025-08-24,1.4.1,2025-08-11T13:27:01+00:00,628,5,2,0,780,4.455446094460528,444
2025-08-25,1.4.1,2025-08-11T13:27:01+00:00,628,5,4,0,781,4.45554807498768,444
2025-08-26,1.4.1,2025-08-11T13:27:01+00:00,630,5,4,0,781,4.4554693786941195,445
2025-08-27,1.4.1,2025-08-11T13:27:01+00:00,631,5,4,0,782,4.455515644069677,446
2025-08-28,1.4.1,2025-08-11T13:27:01+00:00,632,5,2,0,783,4.455739181651249,446
2025-08-29,1.4.1,2025-08-11T13:27:01+00:00,634,5,2,0,785,4.45567928422044,447
2025-08-30,1.4.1,2025-08-11T13:27:01+00:00,637,5,2,0,787,4.455571168502149,447
2025-08-31,1.4.1,2025-08-11T13:27:01+00:00,639,5,2,0,789,4.455629450722842,448
2025-09-01,1.4.1,2025-08-11T13:27:01+00:00,642,5,2,0,791,4.455486370554864,449
2025-09-02,1.4.1,2025-08-11T13:27:01+00:00,643,5,2,0,791,4.455414937759336,450
2025-09-03,1.4.1,2025-08-11T13:27:01+00:00,647,5,2,0,793,4.455591809647583,450
2025-09-04,1.4.1,2025-08-11T13:27:01+00:00,654,5,2,0,795,4.455590798211608,451
2025-09-05,1.4.1,2025-08-11T13:27:01+00:00,657,5,2,0,797,4.455567758736211,451
2025-09-06,1.4.1,2025-08-11T13:27:01+00:00,660,5,2,0,798,4.455665960047231,453
2025-09-07,1.4.1,2025-08-11T13:27:01+00:00,661,5,2,0,799,4.455663783403171,455
2025-09-08,1.4.1,2025-08-11T13:27:01+00:00,661,5,2,0,799,4.455598269067519,455
2025-09-09,1.4.3,2025-09-08T14:38:37.39+00:00,663,5,2,0,811,4.455695067264574,461
2025-09-10,1.4.3,2025-09-08T14:38:37.39+00:00,664,5,2,0,817,4.455711478122953,464
2025-09-11,1.4.3,2025-09-08T14:38:37.39+00:00,667,5,2,0,817,4.455640797645389,465
2025-09-12,1.4.3,2025-09-08T14:38:37.39+00:00,671,5,2,0,821,4.455289312551226,466
2025-09-13,1.4.3,2025-09-08T14:38:37.39+00:00,671,5,2,0,823,4.4552288639070365,469
2025-09-14,1.4.3,2025-09-08T14:38:37.39+00:00,673,5,2,0,823,4.454242928452579,469
2025-09-15,1.4.3,2025-09-08T14:38:37.39+00:00,673,5,2,0,823,4.4551271466314395,470
2025-09-16,1.4.3,2025-09-08T14:38:37.39+00:00,673,5,2,0,823,4.455069314556057,470
2025-09-17,1.4.3,2025-09-08T14:38:37.39+00:00,673,5,2,0,825,4.455058458027755,471
2025-09-18,1.4.4,2025-09-18T08:49:14.897+00:00,676,5,2,0,829,4.455029508557138,473
2025-09-19,1.4.4,2025-09-18T08:49:14.897+00:00,678,5,1,0,836,4.454980014010797,478
2025-09-20,1.4.4,2025-09-18T08:49:14.897+00:00,678,5,1,0,837,4.454992378572115,480
2025-09-21,1.4.4,2025-09-18T08:49:14.897+00:00,678,5,1,0,837,4.45512516903139,483
2025-09-22,1.4.4,2025-09-18T08:49:14.897+00:00,678,5,1,0,839,4.455145625737736,485
2025-09-23,1.4.4,2025-09-18T08:49:14.897+00:00,681,5,1,0,840,4.455230280535412,486
2025-09-24,1.4.4,2025-09-18T08:49:14.897+00:00,683,5,1,0,843,4.455210012000686,487
2025-09-25,1.4.4,2025-09-18T08:49:14.897+00:00,685,5,1,0,843,4.454936769594571,488
2025-09-26,1.4.4,2025-09-18T08:49:14.897+00:00,685,5,1,0,844,4.454640743176586,489
2025-09-27,1.4.4,2025-09-18T08:49:14.897+00:00,686,5,1,0,844,4.454490673532554,489
2025-09-28,1.4.4,2025-09-18T08:49:14.897+00:00,686,5,1,0,844,4.454505004038827,489
2025-09-29,1.4.4,2025-09-18T08:49:14.897+00:00,686,5,1,0,844,4.454455235474885,489
2025-09-30,1.4.4,2025-09-18T08:49:14.897+00:00,690,5,1,0,844,4.45433647813802,490
2025-10-01,1.4.4,2025-09-18T08:49:14.897+00:00,693,5,1,0,845,4.453834319122021,491
2025-10-02,1.4.4,2025-09-18T08:49:14.897+00:00,694,5,1,0,847,4.453612193288223,492
2025-10-03,1.4.4,2025-09-18T08:49:14.897+00:00,697,5,1,0,847,4.453395995710177,493
2025-10-04,1.4.4,2025-09-18T08:49:14.897+00:00,697,5,1,0,847,4.453127773757015,495
2025-10-05,1.4.4,2025-09-18T08:49:14.897+00:00,697,5,1,0,847,4.453018462273487,495
2025-10-06,1.4.4,2025-09-18T08:49:14.897+00:00,697,5,1,0,847,4.453004633009682,496
2025-10-07,1.4.4,2025-09-18T08:49:14.897+00:00,698,5,2,0,848,4.452742290824017,498
2025-10-08,1.4.4,2025-09-18T08:49:14.897+00:00,701,5,2,0,849,4.452590526968889,499
2025-10-09,1.4.4,2025-09-18T08:49:14.897+00:00,701,5,2,0,849,4.452556535488884,501
2025-10-10,1.4.4,2025-09-18T08:49:14.897+00:00,701,5,2,0,849,4.452215198495954,503
2025-10-11,1.4.4,2025-09-18T08:49:14.897+00:00,703,5,2,0,849,4.452094340650362,504
2025-10-12,1.4.4,2025-09-18T08:49:14.897+00:00,704,5,2,0,850,4.451992513187,505
2025-10-13,1.4.4,2025-09-18T08:49:14.897+00:00,705,5,2,0,850,4.452025064123061,506
2025-10-14,1.4.4,2025-09-18T08:49:14.897+00:00,714,5,2,0,851,4.451773300501993,508
2025-10-15,1.4.4,2025-09-18T08:49:14.897+00:00,715,5,2,0,851,4.45156575064928,508
2025-10-16,1.4.4,2025-09-18T08:49:14.897+00:00,718,5,1,0,853,4.45193431748362,510
2025-10-17,1.4.4,2025-09-18T08:49:14.897+00:00,720,5,1,0,854,4.451965080335609,511
2025-10-18,1.4.4,2025-09-18T08:49:14.897+00:00,723,5,1,0,854,4.451933851743693,512
2025-10-19,1.4.4,2025-09-18T08:49:14.897+00:00,723,5,1,0,854,4.4519173320297645,512
2025-10-20,1.4.4,2025-09-18T08:49:14.897+00:00,724,5,1,0,855,4.451861857377517,512
2025-10-21,1.4.4,2025-09-18T08:49:14.897+00:00,729,5,2,0,856,4.451753850329059,512
2025-10-22,1.4.4,2025-09-18T08:49:14.897+00:00,732,5,2,0,857,4.451679632129026,512
2025-10-23,1.4.4,2025-09-18T08:49:14.897+00:00,734,5,2,0,858,4.451660576642781,513
2025-10-24,1.4.4,2025-09-18T08:49:14.897+00:00,737,5,2,0,859,4.451802207780767,515
2025-10-25,1.4.4,2025-09-18T08:49:14.897+00:00,743,5,2,0,859,4.451867456006069,516
2025-10-26,1.4.4,2025-09-18T08:49:14.897+00:00,743,4.75,4,0,859,4.451797031580088,517
2025-10-27,1.4.5,2025-10-27T10:52:52.373+00:00,744,4.75,4,0,863,4.451741320478796,519
2025-10-28,1.4.5,2025-10-27T10:52:52.373+00:00,745,4.75,4,0,876,4.451830593140606,523
2025-10-29,1.4.5,2025-10-27T10:52:52.373+00:00,748,5,1,0,879,4.451957560256046,525
2025-10-30,1.4.5,2025-10-27T10:52:52.373+00:00,751,5,1,0,881,4.452030056880821,526
2025-10-31,1.4.5,2025-10-27T10:52:52.373+00:00,753,5,1,0,882,4.4519871019205155,529
2025-11-01,1.4.5,2025-10-27T10:52:52.373+00:00,755,5,1,0,882,4.452216515745371,530
2025-11-02,1.4.5,2025-10-27T10:52:52.373+00:00,756,5,1,0,882,4.452313720191853,531
2025-11-03,1.4.5,2025-10-27T10:52:52.373+00:00,758,5,1,0,882,4.452373395282248,531
2025-11-04,1.4.5,2025-10-27T10:52:52.373+00:00,762,5,1,0,883,4.45255085163407,532
2025-11-05,1.4.5,2025-10-27T10:52:52.373+00:00,763,5,1,0,883,4.452682228925826,533
2025-11-06,1.4.5,2025-10-27T10:52:52.373+00:00,766,5,1,0,883,4.452693358518569,534
2025-11-07,1.4.5,2025-10-27T10:52:52.373+00:00,770,5,1,0,883,4.4527261203188,535
2025-11-08,1.4.5,2025-10-27T10:52:52.373+00:00,770,5,1,0,883,4.4526568387562095,536
2025-11-09,1.4.5,2025-10-27T10:52:52.373+00:00,771,5,1,0,883,4.452615050778012,537
2025-11-10,1.4.5,2025-10-27T10:52:52.373+00:00,774,5,1,0,884,4.452681218000539,538
2025-11-11,1.4.5,2025-10-27T10:52:52.373+00:00,777,5,1,0,885,4.452686231464397,540
2025-11-12,1.4.5,2025-10-27T10:52:52.373+00:00,779,5,1,0,886,4.452745226059623,540
2025-11-13,1.4.5,2025-10-27T10:52:52.373+00:00,786,5,1,0,886,4.4527066581435255,540
2025-11-14,1.4.5,2025-10-27T10:52:52.373+00:00,791,5,1,0.12690355329949238,886,4.4527331059948745,542
2025-11-15,1.4.5,2025-10-27T10:52:52.373+00:00,793,5,1,0,888,4.4528230848875205,545
2025-11-16,1.4.5,2025-10-27T10:52:52.373+00:00,794,5,1,0.12594458438287154,888,4.452704383069964,547
2025-11-17,1.4.5,2025-10-27T10:52:52.373+00:00,794,5,1,0,888,4.452675505500191,549
2025-11-18,1.4.6,2025-11-17T14:46:12.863+00:00,796,5,1,0,898,4.452735148930454,554
2025-11-19,1.4.6,2025-11-17T14:46:12.863+00:00,800,5,1,0,900,4.452614971466935,554
2025-11-20,1.4.6,2025-11-17T14:46:12.863+00:00,800,5,1,0,901,4.452407795136093,554
2025-11-21,1.4.6,2025-11-17T14:46:12.863+00:00,801,5,1,0,904,4.452305566363014,557
2025-11-22,1.4.6,2025-11-17T14:46:12.863+00:00,804,5,1,0,904,4.452153623343882,559
2025-11-23,1.4.6,2025-11-17T14:46:12.863+00:00,805,5,1,0,904,4.452067832964676,560
2025-11-24,1.4.6,2025-11-17T14:46:12.863+00:00,807,5,1,0,904,4.452156957343304,560
2025-11-25,1.4.6,2025-11-17T14:46:12.863+00:00,809,5,1,0.12360939431396785,906,4.452130580970114,562
2025-11-26,1.4.6,2025-11-17T14:46:12.863+00:00,811,5,1,0,906,4.452286155925671,562
2025-11-27,1.4.6,2025-11-17T14:46:12.863+00:00,813,5,1,0,906,4.45223875606086,563
2025-11-28,1.4.6,2025-11-17T14:46:12.863+00:00,813,5,1,0,907,4.452517961570593,564
2025-11-29,1.4.6,2025-11-17T14:46:12.863+00:00,815,5,1,0,907,4.45259648724304,565
2025-11-30,1.4.6,2025-11-17T14:46:12.863+00:00,815,5,1,0,907,4.452511019099773,567
2025-12-01,1.4.6,2025-11-17T14:46:12.863+00:00,818,5,1,0,907,4.452530377887569,567
2025-12-02,1.5.0,2025-12-02T10:37:20.437+00:00,821,5,1,0,911,4.502281221181381,569
2025-12-03,1.5.0,2025-12-02T10:37:20.437+00:00,822,5,1,0,1008,4.502312049702095,575
2025-12-04,1.5.0,2025-12-02T10:37:20.437+00:00,823,5,1,0,1037,4.502214722632356,577
2025-12-05,1.5.0,2025-12-02T10:37:20.437+00:00,823,5,1,0,1047,4.502443864413227,578
2025-12-06,1.5.0,2025-12-02T10:37:20.437+00:00,823,5,1,0,1056,4.502722399949153,580
2025-12-07,1.5.0,2025-12-02T10:37:20.437+00:00,823,5,1,0,1061,4.502778510592467,580
2025-12-08,1.5.0,2025-12-02T10:37:20.437+00:00,823,5,1,0,1068,4.502743283024186,581
2025-12-09,1.5.0,2025-12-02T10:37:20.437+00:00,826,5,1,0,1072,4.502871039286601,582
2025-12-10,1.5.0,2025-12-02T10:37:20.437+00:00,826,5,1,0,1077,4.502558079398337,584
2025-12-11,1.5.0,2025-12-02T10:37:20.437+00:00,830,5,1,0,1080,4.501710111240245,586
2025-12-12,1.5.0,2025-12-02T10:37:20.437+00:00,831,5,1,0,1082,4.5014668595929965,586
2025-12-13,1.5.0,2025-12-02T10:37:20.437+00:00,834,5,1,0,1082,4.501109529897008,587
2025-12-14,1.5.0,2025-12-02T10:37:20.437+00:00,834,5,1,0,1084,4.501059689832763,588
2025-12-15,1.5.0,2025-12-02T10:37:20.437+00:00,835,5,1,0,1085,4.501074180203144,588
2025-12-16,1.5.0,2025-12-02T10:37:20.437+00:00,837,5,1,0,1086,4.500985752517991,590
2025-12-17,1.5.0,2025-12-02T10:37:20.437+00:00,839,5,1,0,1091,4.501053806435534,591
2025-12-18,1.5.0,2025-12-02T10:37:20.437+00:00,841,5,1,0,1095,4.500889377772536,592
2025-12-19,1.5.0,2025-12-02T10:37:20.437+00:00,842,5,1,0,1099,4.50091378763924,592
2025-12-20,1.5.0,2025-12-02T10:37:20.437+00:00,845,5,1,0,1103,4.500984973222074,592
2025-12-21,1.5.0,2025-12-02T10:37:20.437+00:00,845,5,1,0,1103,4.500945943022257,594
2025-12-22,1.5.0,2025-12-02T10:37:20.437+00:00,848,5,1,0.11806375442739078,1105,4.500935209480314,595
2025-12-23,1.5.0,2025-12-02T10:37:20.437+00:00,848,5,1,0,1108,4.5009294210562665,596
2025-12-24,1.5.0,2025-12-02T10:37:20.437+00:00,848,5,1,0,1111,4.501067721200194,599
2025-12-25,1.5.0,2025-12-02T10:37:20.437+00:00,848,5,1,0,1112,4.501151682392523,602
2025-12-26,1.5.0,2025-12-02T10:37:20.437+00:00,849,5,1,0,1113,4.501223004361059,603
2025-12-27,1.5.0,2025-12-02T10:37:20.437+00:00,850,5,1,0,1114,4.501163655557955,603
2025-12-28,1.5.0,2025-12-02T10:37:20.437+00:00,850,5,1,0,1114,4.501045173314081,604
2025-12-29,1.5.0,2025-12-02T10:37:20.437+00:00,850,5,1,0,1115,4.5010870822735765,604
2025-12-30,1.5.0,2025-12-02T10:37:20.437+00:00,851,5,1,0,1116,4.500927692705986,604
2025-12-31,1.5.0,2025-12-02T10:37:20.437+00:00,852,5,1,0,1117,4.500891970349922,605
2026-01-01,1.5.0,2025-12-02T10:37:20.437+00:00,854,5,1,0,1117,4.500970405186832,608
2026-01-02,1.5.0,2025-12-02T10:37:20.437+00:00,856,5,1,0,1119,4.498413427301966,609
2026-01-03,1.5.0,2025-12-02T10:37:20.437+00:00,856,5,1,0,1119,4.500954408084425,611
2026-01-04,1.5.0,2025-12-02T10:37:20.437+00:00,856,5,1,0,1119,4.50103284711051,611
2026-01-05,1.5.0,2025-12-02T10:37:20.437+00:00,857,5,1,0,1120,4.501075024445965,612
2026-01-06,1.5.0,2025-12-02T10:37:20.437+00:00,858,5,1,0,1121,4.5011922631120544,613
2026-01-07,1.5.0,2025-12-02T10:37:20.437+00:00,858,5,1,0,1121,4.501266028494305,613
2026-01-08,1.5.0,2025-12-02T10:37:20.437+00:00,858,5,1,0,1123,4.501343194372376,615
2026-01-09,1.5.0,2025-12-02T10:37:20.437+00:00,860,5,1,0,1124,4.502528180383035,615
2026-01-10,1.5.0,2025-12-02T10:37:20.437+00:00,860,5,1,0,1125,4.502487562189055,616
2026-01-11,1.5.0,2025-12-02T10:37:20.437+00:00,860,5,1,0,1125,4.502411820418731,617
2026-01-12,1.5.0,2025-12-02T10:37:20.437+00:00,860,5,1,0,1125,4.502432728224406,618
2026-01-13,1.5.0,2025-12-02T10:37:20.437+00:00,861,5,1,0,1126,4.50362666872857,619
2026-01-14,1.5.0,2025-12-02T10:37:20.437+00:00,861,5,1,0,1127,4.503650155755832,621
2026-01-15,1.5.0,2025-12-02T10:37:20.437+00:00,863,5,1,0,1127,4.503599033285338,622
2026-01-16,1.5.0,2025-12-02T10:37:20.437+00:00,865,5,1,0,1127,4.503621749611055,623
2026-01-17,1.5.0,2025-12-02T10:37:20.437+00:00,868,5,1,0,1127,4.503540624855269,624
2026-01-18,1.5.0,2025-12-02T10:37:20.437+00:00,869,5,1,0,1128,4.503616869463839,624
2026-01-19,1.5.0,2025-12-02T10:37:20.437+00:00,869,5,1,0,1129,4.50366288954363,625
2026-01-20,1.5.0,2025-12-02T10:37:20.437+00:00,871,5,1,0,1131,4.50383941203164,626
2026-01-21,1.5.0,2025-12-02T10:37:20.437+00:00,875,5,1,0,1132,4.503802851812713,627
2026-01-22,1.5.0,2025-12-02T10:37:20.437+00:00,878,5,1,0,1135,4.503885976579818,629
2026-01-23,1.5.0,2025-12-02T10:37:20.437+00:00,879,5,1,0,1136,4.503881801297982,630
2026-01-24,1.5.0,2025-12-02T10:37:20.437+00:00,880,5,1,0,1138,4.503826965717209,631
2026-01-25,1.5.0,2025-12-02T10:37:20.437+00:00,881,5,1,0,1139,4.503855592162713,632
2026-01-26,1.5.0,2025-12-02T10:37:20.437+00:00,882,5,1,0,1139,4.503948246722814,632
2026-01-27,1.5.0,2025-12-02T10:37:20.437+00:00,884,5,1,0,1141,4.504091367466014,632
2026-01-28,1.5.0,2025-12-02T10:37:20.437+00:00,884,5,1,0,1142,4.5042665823301125,633
2026-01-29,1.5.0,2025-12-02T10:37:20.437+00:00,885,5,1,0,1143,4.504304117878885,634
2026-01-30,1.5.0,2025-12-02T10:37:20.437+00:00,885,5,1,0,1145,4.504311566811568,635
2026-01-31,1.5.0,2025-12-02T10:37:20.437+00:00,887,5,1,0,1146,4.504388220077487,636
2026-02-01,1.5.0,2025-12-02T10:37:20.437+00:00,888,5,1,0,1146,4.504332362847856,637
2026-02-02,1.5.0,2025-12-02T10:37:20.437+00:00,890,5,1,0,1146,4.504442237927432,639
2026-02-03,1.5.0,2025-12-02T10:37:20.437+00:00,893,5,1,0,1148,4.504475288623686,640
2026-02-04,1.5.0,2025-12-02T10:37:20.437+00:00,903,5,1,0,1150,4.5044290767162405,641
2026-02-05,1.5.0,2025-12-02T10:37:20.437+00:00,906,5,1,0,1151,4.5044375647427195,642
2026-02-06,1.5.0,2025-12-02T10:37:20.437+00:00,907,5,1,0,1152,4.504391397796262,643
2026-02-07,1.5.0,2025-12-02T10:37:20.437+00:00,907,5,1,0,1152,4.504352735538422,644
2026-02-08,1.5.0,2025-12-02T10:37:20.437+00:00,909,5,1,0,1152,4.504294882924345,645
2026-02-09,1.5.0,2025-12-02T10:37:20.437+00:00,911,5,1,0,1152,4.504211924706624,647
2026-02-10,1.5.0,2025-12-02T10:37:20.437+00:00,913,5,1,0,1153,4.504316097556387,648
2026-02-11,1.5.0,2025-12-02T10:37:20.437+00:00,914,5,1,0,1155,4.504255642994952,650
2026-02-12,1.5.0,2025-12-02T10:37:20.437+00:00,915,5,1,0,1156,4.504308458488829,652
2026-02-13,1.5.0,2025-12-02T10:37:20.437+00:00,915,5,1,0,1156,4.50424113237794,654
2026-02-14,1.5.0,2025-12-02T10:37:20.437+00:00,915,5,1,0,1156,4.504240553769542,655
2026-02-15,1.5.0,2025-12-02T10:37:20.437+00:00,916,5,1,0,1156,4.504289604018496,657
2026-02-16,1.5.0,2025-12-02T10:37:20.437+00:00,916,5,1,0,1157,4.504301823391172,657
2026-02-17,1.5.0,2025-12-02T10:37:20.437+00:00,918,5,1,0,1157,4.504344934877286,658
2026-02-18,1.5.0,2025-12-02T10:37:20.437+00:00,922,5,1,0,1159,4.505085923846458,659
2026-02-19,1.5.0,2025-12-02T10:37:20.437+00:00,924,5,1,0,1160,4.50499912563714,662
2026-02-20,1.5.0,2025-12-02T10:37:20.437+00:00,925,5,1,0,1161,4.504902866629708,663
2026-02-21,1.5.0,2025-12-02T10:37:20.437+00:00,926,5,1,0,1161,4.504863217606115,665
2026-02-22,1.5.0,2025-12-02T10:37:20.437+00:00,926,5,1,0,1161,4.504961582546956,667
2026-02-23,1.5.0,2025-12-02T10:37:20.437+00:00,928,5,1,0,1161,4.504838782470777,668
2026-02-24,1.5.0,2025-12-02T10:37:20.437+00:00,930,5,1,0,1161,4.504902874001587,669
2026-02-25,1.5.0,2025-12-02T10:37:20.437+00:00,930,5,1,0,1163,4.505027412938672,670
2026-02-26,1.5.0,2025-12-02T10:37:20.437+00:00,934,5,1,0,1165,4.505022679292798,671
2026-02-27,1.5.0,2025-12-02T10:37:20.437+00:00,936,5,1,0,1166,4.5050855308445,672
2026-02-28,1.5.0,2025-12-02T10:37:20.437+00:00,936,5,1,0,1166,4.505145963005173,674
2026-03-01,1.5.0,2025-12-02T10:37:20.437+00:00,936,5,1,0,1166,4.5053052450810025,675
2026-03-02,1.5.0,2025-12-02T10:37:20.437+00:00,936,5,1,0,1166,4.5053159096601885,677
2026-03-03,1.5.0,2025-12-02T10:37:20.437+00:00,938,5,1,0,1166,4.505382356563393,679
2026-03-04,1.5.0,2025-12-02T10:37:20.437+00:00,939,5,1,0,1166,4.505120250336313,679
2026-03-05,1.5.0,2025-12-02T10:37:20.437+00:00,944,5,1,0,1166,4.5050757721529315,680
2026-03-06,1.5.0,2025-12-02T10:37:20.437+00:00,946,5,1,0,1166,4.505130273039612,681
2026-03-07,1.5.0,2025-12-02T10:37:20.437+00:00,947,5,1,0,1166,4.505084603635012,683
2026-03-08,1.5.0,2025-12-02T10:37:20.437+00:00,947,5,1,0,1166,4.505044554605295,684
2026-03-09,1.5.0,2025-12-02T10:37:20.437+00:00,947,5,1,0,1168,4.5051144399948555,684
2026-03-10,1.5.0,2025-12-02T10:37:20.437+00:00,949,5,1,0,1169,4.505206334586948,686
2026-03-11,1.5.0,2025-12-02T10:37:20.437+00:00,949,5,1,0,1170,4.50525134989044,687
2026-03-12,1.5.0,2025-12-02T10:37:20.437+00:00,950,5,1,0,1170,4.505258663506531,725
2026-03-13,1.5.0,2025-12-02T10:37:20.437+00:00,951,5,1,0,1170,4.505162049630693,726
2026-03-14,1.5.0,2025-12-02T10:37:20.437+00:00,951,5,1,0,1170,4.504924065918825,728
2026-03-15,1.5.0,2025-12-02T10:37:20.437+00:00,952,5,1,0,1170,4.504839934404053,729
2026-03-16,1.5.0,2025-12-02T10:37:20.437+00:00,952,5,1,0,1170,4.5048623635087885,729
2026-03-17,1.5.0,2025-12-02T10:37:20.437+00:00,955,5,1,0,1170,4.504894659054685,731
2026-03-18,1.5.0,2025-12-02T10:37:20.437+00:00,956,5,1,0,1170,4.504945849379249,732
2026-03-19,1.5.0,2025-12-02T10:37:20.437+00:00,956,5,1,0,1170,4.50484490289351,734
2026-03-20,1.5.0,2025-12-02T10:37:20.437+00:00,958,5,1,0,1170,4.504941271230917,736
2026-03-21,1.5.0,2025-12-02T10:37:20.437+00:00,960,5,1,0,1170,4.504850605964192,738
2026-03-22,1.5.0,2025-12-02T10:37:20.437+00:00,960,5,1,0,1170,4.504774705166582,738
2026-03-23,1.5.0,2025-12-02T10:37:20.437+00:00,961,5,1,0,1170,4.504817533776498,739
2026-03-24,1.5.0,2025-12-02T10:37:20.437+00:00,962,5,1,0,1172,4.5048955138324835,741
2026-03-27,1.5.0,2025-12-02T10:37:20.437+00:00,965,5,1,0,1174,4.504927652589389,744
2026-03-28,1.5.0,2025-12-02T10:37:20.437+00:00,965,5,1,0,1174,4.5048750726589954,746
2026-03-29,1.5.0,2025-12-02T10:37:20.437+00:00,965,5,1,0,1174,4.504819277108433,747
2026-03-30,1.5.0,2025-12-02T10:37:20.437+00:00,965,5,1,0,1174,4.505005372673402,748
2026-03-31,1.5.0,2025-12-02T10:37:20.437+00:00,966,5,1,0,1174,4.504957965575315,748
2026-04-01,1.5.0,2025-12-02T10:37:20.437+00:00,967,5,1,0,1175,4.504928209668524,749
2026-04-02,1.5.0,2025-12-02T10:37:20.437+00:00,967,5,1,0,1175,4.504805401934588,751
2026-04-03,1.5.0,2025-12-02T10:37:20.437+00:00,968,5,1,0,1175,4.504530589313019,753
2026-04-04,1.5.0,2025-12-02T10:37:20.437+00:00,969,5,1,0,1175,4.5045079481866175,754
2026-04-05,1.5.0,2025-12-02T10:37:20.437+00:00,970,5,1,0,1175,4.504374082448223,755
2026-04-06,1.5.0,2025-12-02T10:37:20.437+00:00,971,5,1,0,1175,4.50443195603426,756
2026-04-07,1.5.0,2025-12-02T10:37:20.437+00:00,973,5,1,0,1176,4.504433903660912,759
2026-04-08,1.5.0,2025-12-02T10:37:20.437+00:00,973,5,1,0,1176,4.504505202371178,762
2026-04-09,1.5.0,2025-12-02T10:37:20.437+00:00,976,5,1,0,1176,4.504476838176048,764
2026-04-10,1.5.0,2025-12-02T10:37:20.437+00:00,978,5,1,0,1177,4.504364120151303,765
2026-04-11,1.5.0,2025-12-02T10:37:20.437+00:00,978,5,1,0,1177,4.504317667571398,767
2026-04-12,1.5.0,2025-12-02T10:37:20.437+00:00,978,5,1,0,1178,4.504338442010141,769
2026-04-13,1.5.0,2025-12-02T10:37:20.437+00:00,978,5,1,0,1179,4.504383144491737,772
2026-04-16,1.5.0,2025-12-02T10:37:20.437+00:00,979,5,1,0,1181,4.504364043438041,777
2026-04-17,1.5.0,2025-12-02T10:37:20.437+00:00,980,5,1,0,1181,4.504373810967474,779
2026-04-18,1.5.0,2025-12-02T10:37:20.437+00:00,981,5,1,0,1182,4.504343554918412,782
2026-04-19,1.5.0,2025-12-02T10:37:20.437+00:00,982,5,1,0,1182,4.50424693055221,784
2026-04-21,1.5.0,2025-12-02T10:37:20.437+00:00,982,5,1,0,1182,4.5041296381767175,787
2026-04-22,1.5.0,2025-12-02T10:37:20.437+00:00,983,5,1,0,1182,4.504112012345447,788
2026-04-23,1.5.0,2025-12-02T10:37:20.437+00:00,983,5,1,0,1182,4.503153092028727,790
2026-04-24,1.5.0,2025-12-02T10:37:20.437+00:00,984,5,1,0,1182,4.504099600551742,791
2026-04-25,1.5.0,2025-12-02T10:37:20.437+00:00,985,5,1,0,1182,4.5040416440802264,793
2026-04-26,1.5.0,2025-12-02T10:37:20.437+00:00,985,5,1,0,1182,4.50407582398816,795
2026-04-27,1.5.0,2025-12-02T10:37:20.437+00:00,985,5,1,0,1182,4.503958915826727,797
2026-04-29,1.5.0,2025-12-02T10:37:20.437+00:00,986,5,1,0,1182,4.50389499932345,803
2026-04-30,1.5.0,2025-12-02T10:37:20.437+00:00,988,5,1,0,1183,4.503974712725954,805
2026-05-01,1.5.0,2025-12-02T10:37:20.437+00:00,989,5,1,0,1183,4.503871540711936,808
2026-05-02,1.5.0,2025-12-02T10:37:20.437+00:00,990,5,1,0,1183,4.503854638989774,810
2026-05-03,1.5.0,2025-12-02T10:37:20.437+00:00,990,5,1,0,1183,4.503891354141311,812
2026-05-06,1.5.0,2025-12-02T10:37:20.437+00:00,995,5,1,0,1183,4.504083809031638,855
2026-05-07,1.5.0,2025-12-02T10:37:20.437+00:00,995,5,1,0,1184,4.504025137427831,855
2026-05-08,1.5.0,2025-12-02T10:37:20.437+00:00,995,5,1,0,1184,4.504069471016868,891
2026-05-09,1.5.0,2025-12-02T10:37:20.437+00:00,995,5,1,0,1184,4.503942976749448,891
2026-05-10,1.5.0,2025-12-02T10:37:20.437+00:00,995,5,1,0,1184,4.503901387669048,895
2026-05-11,1.5.0,2025-12-02T10:37:20.437+00:00,997,5,1,0,1184,4.50396054663403,896
2026-05-14,1.5.0,2025-12-02T10:37:20.437+00:00,999,5,1,0,1185,4.503986973383855,931
2026-05-15,1.5.0,2025-12-02T10:37:20.437+00:00,999,5,1,0,1185,4.504005499448587,932
2026-05-16,1.5.0,2025-12-02T10:37:20.437+00:00,1001,5,1,0,1185,4.503929660986353,934
2026-05-17,1.5.0,2025-12-02T10:37:20.437+00:00,1001,5,1,0,1185,4.50379692580133,940
2026-05-18,1.5.0,2025-12-02T10:37:20.437+00:00,1003,5,1,0,1185,4.5037657738821775,940
2026-05-19,1.5.0,2025-12-02T10:37:20.437+00:00,1004,5,1,0,1185,4.5036424611732855,974
2026-05-20,1.5.0,2025-12-02T10:37:20.437+00:00,1007,5,1,0,1186,4.5036046416628395,975
2026-05-21,1.5.0,2025-12-02T10:37:20.437+00:00,1007,5,1,0,1186,4.503653120242159,976
2026-05-22,1.5.0,2025-12-02T10:37:20.437+00:00,1007,5,1,0,1186,4.503706038281658,978
2026-05-23,1.5.0,2025-12-02T10:37:20.437+00:00,1008,5,1,0,1187,4.503717060232235,980
2026-05-24,1.5.0,2025-12-02T10:37:20.437+00:00,1009,5,1,0,1187,4.5037974370392355,982
2026-05-25,1.5.0,2025-12-02T10:37:20.437+00:00,1009,5,1,0,1187,4.503837389563335,984
2026-05-26,1.5.0,2025-12-02T10:37:20.437+00:00,1011,5,1,0,1187,4.503854365659063,986
2026-05-27,1.5.0,2025-12-02T10:37:20.437+00:00,1016,5,1,0,1188,4.503873400590205,1015
2026-05-28,1.5.0,2025-12-02T10:37:20.437+00:00,1017,5,1,0,1189,4.503863306586284,1017
2026-05-29,1.5.0,2025-12-02T10:37:20.437+00:00,1018,5,1,0,1189,4.50382977099922,1022
2026-05-30,1.5.0,2025-12-02T10:37:20.437+00:00,1018,5,1,0,1189,4.503845711673971,1024
2026-05-31,1.5.0,2025-12-02T10:37:20.437+00:00,1018,5,1,0,1189,4.503839176191725,1026
2026-06-01,1.5.0,2025-12-02T10:37:20.437+00:00,1019,5,1,0,1190,4.503862242482144,1029
2026-06-02,1.5.0,2025-12-02T10:37:20.437+00:00,1021,5,1,0,1190,4.503781509546583,1029
2026-06-03,1.5.0,2025-12-02T10:37:20.437+00:00,1022,5,1,0,1190,4.503716655709269,1029
2026-06-04,1.5.0,2025-12-02T10:37:20.437+00:00,1024,5,1,0,1190,4.5037132858958895,1029
2026-06-05,1.5.0,2025-12-02T10:37:20.437+00:00,1024,5,1,0,1190,4.503605249874365,1029
2026-06-06,1.5.0,2025-12-02T10:37:20.437+00:00,1026,5,1,0,1190,4.503430320908198,1029
2026-06-07,1.5.0,2025-12-02T10:37:20.437+00:00,1028,5,1,0,1190,4.5034299942693785,1029
2026-06-08,1.5.0,2025-12-02T10:37:20.437+00:00,1029,5,1,0,1191,4.5034053148262,1029
2026-06-09,1.5.0,2025-12-02T10:37:20.437+00:00,1030,5,1,0,1191,4.503262384108327,1029
2026-06-10,1.5.0,2025-12-02T10:37:20.437+00:00,1030,5,1,0,1191,4.503080150882752,1030
2026-06-11,1.5.0,2025-12-02T10:37:20.437+00:00,1033,5,1,0,1191,4.502745726328849,1031
2026-06-12,1.5.0,2025-12-02T10:37:20.437+00:00,1033,5,1,0,1191,4.502834026157238,1032
2026-06-13,1.5.0,2025-12-02T10:37:20.437+00:00,1034,5,1,0,1191,4.502656389238906,1034
2026-06-14,1.5.0,2025-12-02T10:37:20.437+00:00,1034,5,1,0,1191,4.502586880288117,1036
2026-06-15,1.5.0,2025-12-02T10:37:20.437+00:00,1034,5,1,0,1191,4.502623544965589,1037
2026-06-16,1.5.0,2025-12-02T10:37:20.437+00:00,1036,5,1,0,1193,4.502508086560997,1038
2026-06-17,1.5.0,2025-12-02T10:37:20.437+00:00,1036,5,1,0,1194,4.502569957797357,1039
2026-06-18,1.5.0,2025-12-02T10:37:20.437+00:00,1038,5,1,0,1195,4.502570903681409,1040
2026-06-19,1.5.0,2025-12-02T10:37:20.437+00:00,1038,5,1,0,1196,4.502414483227145,1042
2026-06-20,1.5.0,2025-12-02T10:37:20.437+00:00,1038,5,1,0,1196,4.502222375491629,1043
2026-06-21,1.5.0,2025-12-02T10:37:20.437+00:00,1038,5,1,0,1196,4.502203292288616,1043
2026-06-22,1.5.0,2025-12-02T10:37:20.437+00:00,1040,5,1,0,1196,4.50205740953764,1043
2026-06-23,1.5.0,2025-12-02T10:37:20.437+00:00,1041,5,1,0,1196,4.501935152519366,1043
2026-06-24,1.5.0,2025-12-02T10:37:20.437+00:00,1042,5,1,0,1196,4.5019545412870805,1043
2026-06-25,1.5.0,2025-12-02T10:37:20.437+00:00,1044,5,1,0,1196,4.501939672410881,1043
2026-06-26,1.5.0,2025-12-02T10:37:20.437+00:00,1044,5,1,0,1196,4.501979953938031,1043
2026-06-27,1.5.0,2025-12-02T10:37:20.437+00:00,1044,5,1,0,1196,4.501913773339291,1043
2026-06-28,1.5.0,2025-12-02T10:37:20.437+00:00,1044,5,1,0,1196,4.501775784952443,1043
2026-06-29,1.5.0,2025-12-02T10:37:20.437+00:00,1044,5,1,0,1196,4.501820112618947,1044
2026-06-30,1.5.0,2025-12-02T10:37:20.437+00:00,1045,5,1,0,1196,4.501665054488658,1044
2026-07-01,1.5.0,2025-12-02T10:37:20.437+00:00,1046,5,1,0,1197,4.5017097054826465,1044
2026-07-02,1.5.0,2025-12-02T10:37:20.437+00:00,1047,5,1,0,1198,4.501613195456789,1044
2026-07-03,1.5.0,2025-12-02T10:37:20.437+00:00,1047,5,1,0,1198,4.501516850446745,1044
2026-07-04,1.5.0,2025-12-02T10:37:20.437+00:00,1047,5,1,0,1198,4.5015255916687025,1044
2026-07-05,1.5.0,2025-12-02T10:37:20.437+00:00,1047,5,1,0,1198,4.501438228182627,1044
2026-07-06,1.5.0,2025-12-02T10:37:20.437+00:00,1051,5,1,0,1198,4.501400730816078,1044
2026-07-07,1.5.0,2025-12-02T10:37:20.437+00:00,1052,5,1,0,1198,4.501395221159987,1044
2026-07-08,1.5.0,2025-12-02T10:37:20.437+00:00,1052,5,1,0,1198,4.501352227634575,1044
2026-07-09,1.5.0,2025-12-02T10:37:20.437+00:00,1054,5,1,0,1198,4.501353322568708,1044
2026-07-10,1.5.0,2025-12-02T10:37:20.437+00:00,1054,5,1,0,1198,4.5013679935946485,1044
2026-07-11,1.5.0,2025-12-02T10:37:20.437+00:00,1054,5,1,0,1198,4.501377829248675,1044
2026-07-12,1.5.0,2025-12-02T10:37:20.437+00:00,1055,5,1,0,1198,4.501277669954419,1044
2026-07-13,1.5.0,2025-12-02T10:37:20.437+00:00,1057,5,1,0,1198,4.501304099696087,1044
2026-07-14,1.5.0,2025-12-02T10:37:20.437+00:00,1058,5,1,0,1199,4.501295419060195,1044
2026-07-15,1.5.0,2025-12-02T10:37:20.437+00:00,1060,5,1,0,1199,4.501306525228111,1044
2026-07-16,1.5.0,2025-12-02T10:37:20.437+00:00,1060,5,1,0,1199,4.501312987817196,1045
2026-07-17,1.5.0,2025-12-02T10:37:20.437+00:00,1060,5,1,0,1199,4.5011017845931125,1045
2026-07-18,1.5.0,2025-12-02T10:37:20.437+00:00,1061,5,1,0,1199,4.5010818111774835,1045
2026-07-19,1.5.0,2025-12-02T10:37:20.437+00:00,1061,5,1,0,1199,4.501065879397373,1045
2026-07-20,1.5.0,2025-12-02T10:37:20.437+00:00,1061,5,1,0,1199,4.501065082494277,1046
2026-07-21,1.5.0,2025-12-02T10:37:20.437+00:00,1061,5,1,0,1199,4.501062875843866,1046
2026-07-22,1.5.0,2025-12-02T10:37:20.437+00:00,1061,5,1,0,1201,4.501141769481011,1047
2026-07-23,1.5.0,2025-12-02T10:37:20.437+00:00,1063,5,1,0,1201,4.5012115338017935,1047
2026-07-24,1.5.0,2025-12-02T10:37:20.437+00:00,1064,5,1,0,1201,4.501317985826972,1047
2026-07-25,1.5.0,2025-12-02T10:37:20.437+00:00,1064,5,1,0,1201,4.50119428942531,1047
2026-07-26,1.5.0,2025-12-02T10:37:20.437+00:00,1065,5,1,0,1201,4.501216009507983,1047
2026-07-27,1.5.0,2025-12-02T10:37:20.437+00:00,1066,5,1,0,1201,4.501182316636388,1047
2026-07-28,1.5.0,2025-12-02T10:37:20.437+00:00,1069,5,1,0,1201,4.501265987073953,1048
2026-07-29,1.5.0,2025-12-02T10:37:20.437+00:00,1071,5,1,0,1201,4.501286260081294,1048
2026-07-30,1.5.0,2025-12-02T10:37:20.437+00:00,1072,5,1,0,1201,4.501255832614275,1048
2026-07-31,1.5.0,2025-12-02T10:37:20.437+00:00,1072,5,1,0,1201,4.501234084919988,1048
2026-08-01,1.5.0,2025-12-02T10:37:20.437+00:00,1072,5,1,0,1201,4.5012024314493235,1048
2026-08-02,1.5.0,2025-12-02T10:37:20.437+00:00,1072,5,1,0,1201,4.50129939171333,1050
2026-08-03,1.5.0,2025-12-02T10:37:20.437+00:00,1072,5,1,0,1201,4.501318187584051,1050
2026-08-04,1.5.0,2025-12-02T10:37:20.437+00:00,1072,5,1,0,1201,4.501335937684422,1050
2026-08-05,1.5.0,2025-12-02T10:37:20.437+00:00,1072,5,1,0,1201,4.50137970548721,1050
2026-08-06,1.5.0,2025-12-02T10:37:20.437+00:00,1072,5,1,0,1201,4.50137970548721,1050
2026-08-07,1.5.0,2025-12-02T10:37:20.437+00:00,1072,5,1,0,1202,4.501338051373935,1050
2026-08-08,1.5.0,2025-12-02T10:37:20.437+00:00,1072,5,1,0,1202,4.501394849197345,1050
2026-08-09,1.5.0,2025-12-02T10:37:20.437+00:00,1072,5,1,0,1202,4.501444358235911,1050
2026-08-10,1.5.0,2025-12-02T10:37:20.437+00:00,1072,5,1,0,1202,4.501250268970717,1051
2026-08-11,1.5.0,2025-12-02T10:37:20.437+00:00,1072,5,1,0,1202,4.501387651191539,1051
2026-08-12,1.5.0,2025-12-02T10:37:20.437+00:00,1074,5,1,0,1202,4.501388727649481,1051
2026-08-13,1.5.0,2025-12-02T10:37:20.437+00:00,1075,5,1,0,1202,4.501374988778952,1051
2026-08-14,1.5.0,2025-12-02T10:37:20.437+00:00,1075,5,1,0,1202,4.501368489824149,1051
2026-08-15,1.5.0,2025-12-02T10:37:20.437+00:00,1075,5,1,0,1204,4.501375752834926,1051
2026-08-16,1.5.0,2025-12-02T10:37:20.437+00:00,1075,5,1,0,1204,4.501418642959177,1051
2026-08-17,1.5.0,2025-12-02T10:37:20.437+00:00,1075,5,1,0,1204,4.501418642959177,1051
2026-08-18,1.5.0,2025-12-02T10:37:20.437+00:00,1075,5,1,0,1204,4.5014105555801525,1051
2026-08-19,1.5.0,2025-12-02T10:37:20.437+00:00,1075,5,1,0,1204,4.501370554713986,1051
2026-08-20,1.5.0,2025-12-02T10:37:20.437+00:00,1076,5,1,0,1204,4.501347679445676,1051
2026-08-21,1.5.0,2025-12-02T10:37:20.437+00:00,1079,5,1,0,1204,4.501358645199199,1051
2026-08-22,1.5.0,2025-12-02T10:37:20.437+00:00,1081,5,1,0,1204,4.501331391470579,1051
2026-08-23,1.5.0,2025-12-02T10:37:20.437+00:00,1081,5,1,0,1205,4.501357300113408,1051
2026-08-24,1.5.0,2025-12-02T10:37:20.437+00:00,1082,5,1,0,1205,4.501365240603194,1051
2026-08-25,1.5.0,2025-12-02T10:37:20.437+00:00,1083,5,1,0,1205,4.501389726118941,1051
2026-08-26,1.5.0,2025-12-02T10:37:20.437+00:00,1086,5,1,0,1205,4.501415256409558,1051
2026-08-27,1.5.0,2025-12-02T10:37:20.437+00:00,1086,5,1,0,1205,4.501358642317237,1051
2026-08-28,1.5.0,2025-12-02T10:37:20.437+00:00,1086,5,1,0,1205,4.501258841865484,1051
2026-08-29,1.5.0,2025-12-02T10:37:20.437+00:00,1086,5,1,0,1205,4.501258841865484,1051
2026-08-30,1.5.0,2025-12-02T10:37:20.437+00:00,1087,5,1,0,1205,4.501258729524876,1051
2026-08-31,1.5.0,2025-12-02T10:37:20.437+00:00,1087,5,1,0,1205,4.501258729524876,1089
2026-09-01,1.5.0,2025-12-02T10:37:20.437+00:00,1089,5,1,0,1206,4.501258729524876,1089
2026-09-02,1.5.0,2025-12-02T10:37:20.437+00:00,1090,5,1,0,1206,4.501258729524876,1089
2026-09-03,1.5.0,2025-12-02T10:37:20.437+00:00,1090,5,1,0,1206,4.501251891444683,1089
2026-09-04,1.5.0,2025-12-02T10:37:20.437+00:00,1090,5,1,0,1207,4.501232176954755,1089
2026-09-05,1.5.0,2025-12-02T10:37:20.437+00:00,1090,5,1,0,1207,4.501253337248313,1089
2026-09-06,1.5.0,2025-12-02T10:37:20.437+00:00,1092,5,1,0,1207,4.501253337248313,1089
2026-09-07,1.5.0,2025-12-02T10:37:20.437+00:00,1094,5,1,0,1207,4.501253337248313,1089
2026-09-08,1.5.0,2025-12-02T10:37:20.437+00:00,1098,5,1,0,1207,4.501253337248313,1089
2026-09-09,1.5.0,2025-12-02T10:37:20.437+00:00,1099,5,1,0,1207,4.501253337248313,1089
2026-09-10,1.5.0,2025-12-02T10:37:20.437+00:00,1101,5,1,0,1207,4.501253337248313,1089
2026-09-11,1.5.0,2025-12-02T10:37:20.437+00:00,1102,5,1,0,1207,4.501253337248313,1089
2026-09-12,1.5.0,2025-12-02T10:37:20.437+00:00,1102,5,1,0,1207,4.501253337248313,1089
2026-09-13,1.5.0,2025-12-02T10:37:20.437+00:00,1102,5,1,0,1207,4.501253337248313,1090
2026-09-14,1.5.0,2025-12-02T10:37:20.437+00:00,1102,5,1,0,1207,4.500440601212006,1090
2026-09-15,1.5.0,2025-12-02T10:37:20.437+00:00,1103,5,1,0,1207,4.500440601212006,1090
2026-09-16,1.5.0,2025-12-02T10:37:20.437+00:00,1103,5,1,0,1207,4.500440601212006,1116
2026-09-17,1.5.0,2025-12-02T10:37:20.437+00:00,1105,5,1,0,1207,4.500440601212006,1116
2026-09-18,1.5.0,2025-12-02T10:37:20.437+00:00,1105,5,1,0,1207,4.500440601212006,1116
2026-09-19,1.5.0,2025-12-02T10:37:20.437+00:00,1105,5,1,0,1207,4.500440601212006,1116
2026-09-20,1.5.0,2025-12-02T10:37:20.437+00:00,1105,5,1,0,1207,4.500317674890166,1116
2026-09-21,1.5.0,2025-12-02T10:37:20.437+00:00,1105,5,1,0,1207,4.5003470637970295,1116
2026-09-22,1.5.0,2025-12-02T10:37:20.437+00:00,1107,5,1,0,1207,4.500434475290028,1116
2026-09-23,1.5.0,2025-12-02T10:37:20.437+00:00,1109,5,1,0,1207,4.500278199428475,1116
2026-09-24,1.5.0,2025-12-02T10:37:20.437+00:00,1109,5,1,0,1208,4.500165218574455,1116
2026-09-25,1.5.0,2025-12-02T10:37:20.437+00:00,1110,5,1,0,1208,4.500119274937907,1116
2026-09-26,1.5.0,2025-12-02T10:37:20.437+00:00,1110,5,1,0,1208,4.499974372047728,1117
2026-09-27,1.5.0,2025-12-02T10:37:20.437+00:00,1110,5,1,0,1208,4.499969791909411,1117
2026-09-28,1.5.0,2025-12-02T10:37:20.437+00:00,1111,5,1,0,1208,4.5000188753525645,1155
2026-09-29,1.5.0,2025-12-02T10:37:20.437+00:00,1111,5,1,0,1208,4.500064696304763,1155
2026-09-30,1.5.0,2025-12-02T10:37:20.437+00:00,1112,5,1,0,1208,4.5000587386389235,1155
2026-10-01,1.5.0,2025-12-02T10:37:20.437+00:00,1113,5,1,0,1208,4.5000794542168645,1155
2026-10-02,1.5.0,2025-12-02T10:37:20.437+00:00,1113,5,1,0,1208,4.499713834525824,1155
2026-10-03,1.5.0,2025-12-02T10:37:20.437+00:00,1114,5,1,0,1208,4.499149778834875,1155
2026-10-04,1.5.0,2025-12-02T10:37:20.437+00:00,1114,5,1,0,1208,4.49862712410895,1155
2026-10-06,1.5.0,2025-12-02T10:37:20.437+00:00,1114,5,1,0,1208,4.498303487225449,1155
2026-10-07,1.5.0,2025-12-02T10:37:20.437+00:00,1114,5,1,0,1208,4.498303910792377,1155
2026-10-08,1.5.0,2025-12-02T10:37:20.437+00:00,1115,5,1,0,1208,4.498356235661408,1155
2026-10-09,1.5.0,2025-12-02T10:37:20.437+00:00,1117,5,1,0,1208,4.498309772587584,1155
2026-10-10,1.5.0,2025-12-02T10:37:20.437+00:00,1117,5,1,0,1208,4.49823497310026,1155
