date,version,lastUpdated,install,averagerating,ratingcount,trendingdaily,updateCount,weightedRating,downloadCount
2024-11-26,0.1.1,2023-04-17T09:54:42.747+00:00,335,5,2,0,23,4.403204729309272,20
2024-11-26,0.1.1,2023-04-17T09:54:42.747+00:00,335,5,3,0,23,4.403204729309272,20
2024-11-26,0.1.1,2023-04-17T09:54:42.747+00:00,335,5,2,0,23,4.403204729309272,20
2024-11-27,0.1.1,2023-04-17T09:54:42.747+00:00,335,5,3,0,23,4.403204729309272,20
2024-11-27,0.1.1,2023-04-17T09:54:42.747+00:00,335,5,2,0,23,4.403204729309272,20
2024-11-28,0.1.1,2023-04-17T09:54:42.747+00:00,336,5,3,0,23,4.403204729309272,20
2024-11-28,0.1.1,2023-04-17T09:54:42.747+00:00,336,5,2,0,23,4.403204729309272,20
2024-11-29,0.1.1,2023-04-17T09:54:42.747+00:00,337,5,3,0,23,4.403204729309272,20
2024-11-29,0.1.1,2023-04-17T09:54:42.747+00:00,337,5,2,0,23,4.403204729309272,20
2024-11-30,0.1.1,2023-04-17T09:54:42.747+00:00,337,5,3,0,23,4.403204729309272,20
2024-11-30,0.1.1,2023-04-17T09:54:42.747+00:00,337,5,2,0,23,4.403204729309272,20
2024-12-01,0.1.1,2023-04-17T09:54:42.747+00:00,337,5,3,0,23,4.403204729309272,20
2024-12-01,0.1.1,2023-04-17T09:54:42.747+00:00,337,5,2,0,23,4.403204729309272,20
2024-12-02,0.1.1,2023-04-17T09:54:42.747+00:00,337,5,2,0,23,4.403204729309272,20
2024-12-02,0.1.1,2023-04-17T09:54:42.747+00:00,337,5,2,0,23,4.403204729309272,20
2024-12-03,0.1.1,2023-04-17T09:54:42.747+00:00,337,5,3,0,23,4.403204729309272,20
2024-12-03,0.1.1,2023-04-17T09:54:42.747+00:00,337,5,2,0,23,4.403204729309272,20
2024-12-04,0.1.1,2023-04-17T09:54:42.747+00:00,338,5,3,0,23,4.403204729309272,20
2024-12-04,0.1.1,2023-04-17T09:54:42.747+00:00,338,5,2,0,23,4.403204729309272,20
2024-12-05,0.1.1,2023-04-17T09:54:42.747+00:00,338,5,2,0,23,4.403204729309272,20
2024-12-05,0.1.1,2023-04-17T09:54:42.747+00:00,338,5,2,0,23,4.403204729309272,20
2024-12-06,0.1.1,2023-04-17T09:54:42.747+00:00,338,5,2,0,23,4.403204729309272,20
2024-12-06,0.1.1,2023-04-17T09:54:42.747+00:00,338,5,2,0,23,4.403204729309272,20
2024-12-07,0.1.1,2023-04-17T09:54:42.747+00:00,339,5,2,0,23,4.403204729309272,20
2024-12-07,0.1.1,2023-04-17T09:54:42.747+00:00,339,5,2,0,23,4.403204729309272,20
2024-12-08,0.1.1,2023-04-17T09:54:42.747+00:00,339,5,1,0,23,4.403204729309272,20
2024-12-08,0.1.1,2023-04-17T09:54:42.747+00:00,339,5,1,0,23,4.403204729309272,20
2024-12-09,0.1.1,2023-04-17T09:54:42.747+00:00,339,5,2,0,23,4.403204729309272,26
2024-12-09,0.1.1,2023-04-17T09:54:42.747+00:00,339,5,2,0,23,4.403204729309272,26
2024-12-10,0.1.1,2023-04-17T09:54:42.747+00:00,339,5,2,0,23,4.403204729309272,26
2024-12-10,0.1.1,2023-04-17T09:54:42.747+00:00,339,5,1,0,23,4.403204729309272,26
2024-12-11,0.1.1,2023-04-17T09:54:42.747+00:00,339,5,2,0,23,4.403204729309272,26
2024-12-11,0.1.1,2023-04-17T09:54:42.747+00:00,339,5,2,0,23,4.403204729309272,26
2024-12-12,0.1.1,2023-04-17T09:54:42.747+00:00,340,5,2,0,23,4.403204729309272,26
2024-12-12,0.1.1,2023-04-17T09:54:42.747+00:00,340,5,1,0,23,4.403204729309272,26
2024-12-13,0.1.1,2023-04-17T09:54:42.747+00:00,340,5,2,0,23,4.403204729309272,26
2024-12-13,0.1.1,2023-04-17T09:54:42.747+00:00,340,5,1,0,23,4.403204729309272,26
2024-12-14,0.1.1,2023-04-17T09:54:42.747+00:00,340,5,2,0,23,4.403204729309272,32
2024-12-14,0.1.1,2023-04-17T09:54:42.747+00:00,340,5,1,0,23,4.403204729309272,32
2024-12-15,0.1.1,2023-04-17T09:54:42.747+00:00,340,5,2,0,23,4.403204729309272,32
2024-12-15,0.1.1,2023-04-17T09:54:42.747+00:00,340,5,1,0,23,4.403204729309272,32
2024-12-16,0.1.1,2023-04-17T09:54:42.747+00:00,340,5,2,0,23,4.403204729309272,32
2024-12-16,0.1.1,2023-04-17T09:54:42.747+00:00,340,5,1,0,23,4.403204729309272,32
2024-12-17,0.1.1,2023-04-17T09:54:42.747+00:00,340,5,2,0,23,4.403204729309272,32
2024-12-17,0.1.1,2023-04-17T09:54:42.747+00:00,340,5,1,0,23,4.403204729309272,32
2024-12-17,0.1.1,2023-04-17T09:54:42.747+00:00,341,5,2,0,23,4.403204729309272,32
2024-12-17,0.1.1,2023-04-17T09:54:42.747+00:00,341,5,1,0,23,4.403204729309272,32
2024-12-18,0.1.1,2023-04-17T09:54:42.747+00:00,342,5,2,0,23,4.403204729309272,32
2024-12-18,0.1.1,2023-04-17T09:54:42.747+00:00,342,5,1,0,23,4.403204729309272,32
2024-12-19,0.1.1,2023-04-17T09:54:42.747+00:00,342,5,2,0,23,4.403204729309272,32
2024-12-19,0.1.1,2023-04-17T09:54:42.747+00:00,342,5,2,0,23,4.403204729309272,32
2024-12-20,0.1.1,2023-04-17T09:54:42.747+00:00,342,5,1,0,23,4.403204729309272,32
2024-12-20,0.1.1,2023-04-17T09:54:42.747+00:00,342,5,1,0,23,4.403204729309272,32
2024-12-21,0.1.1,2023-04-17T09:54:42.747+00:00,343,5,2,0,23,4.403204729309272,35
2024-12-21,0.1.1,2023-04-17T09:54:42.747+00:00,343,5,1,0,23,4.403204729309272,35
2024-12-22,0.1.1,2023-04-17T09:54:42.747+00:00,343,5,2,0,23,4.403204729309272,35
2024-12-22,0.1.1,2023-04-17T09:54:42.747+00:00,343,5,1,0,23,4.403204729309272,35
2024-12-23,0.1.1,2023-04-17T09:54:42.747+00:00,343,5,2,0,23,4.403204729309272,35
2024-12-23,0.1.1,2023-04-17T09:54:42.747+00:00,343,5,1,0,23,4.403204729309272,35
2024-12-24,0.1.1,2023-04-17T09:54:42.747+00:00,345,5,2,0,23,4.403204729309272,35
2024-12-24,0.1.1,2023-04-17T09:54:42.747+00:00,345,5,2,0,23,4.403204729309272,35
2024-12-25,0.1.1,2023-04-17T09:54:42.747+00:00,346,5,2,0,23,4.403204729309272,35
2024-12-25,0.1.1,2023-04-17T09:54:42.747+00:00,346,5,2,0,23,4.403204729309272,35
2024-12-26,0.1.1,2023-04-17T09:54:42.747+00:00,347,5,2,0,23,4.403204729309272,35
2024-12-26,0.1.1,2023-04-17T09:54:42.747+00:00,347,5,2,0,23,4.403204729309272,35
2024-12-27,0.1.1,2023-04-17T09:54:42.747+00:00,347,5,2,0,23,4.403204729309272,35
2024-12-27,0.1.1,2023-04-17T09:54:42.747+00:00,347,5,2,0,23,4.403204729309272,35
2024-12-28,0.1.1,2023-04-17T09:54:42.747+00:00,347,5,2,0,23,4.403204729309272,35
2024-12-28,0.1.1,2023-04-17T09:54:42.747+00:00,347,5,2,0,23,4.403204729309272,35
2024-12-29,0.1.1,2023-04-17T09:54:42.747+00:00,347,5,2,0,23,4.403204729309272,35
2024-12-29,0.1.1,2023-04-17T09:54:42.747+00:00,347,5,2,0,23,4.403204729309272,35
2024-12-30,0.1.1,2023-04-17T09:54:42.747+00:00,347,5,2,0,23,4.403204729309272,35
2024-12-30,0.1.1,2023-04-17T09:54:42.747+00:00,347,5,2,0,23,4.403204729309272,35
2024-12-31,0.1.1,2023-04-17T09:54:42.747+00:00,349,5,2,0,23,4.403204729309272,35
2024-12-31,0.1.1,2023-04-17T09:54:42.747+00:00,349,5,2,0,23,4.403204729309272,35
2025-01-01,0.1.1,2023-04-17T09:54:42.747+00:00,349,5,3,0,23,4.403204729309272,35
2025-01-01,0.1.1,2023-04-17T09:54:42.747+00:00,349,5,2,0,23,4.403204729309272,35
2025-01-02,0.1.1,2023-04-17T09:54:42.747+00:00,349,5,3,0,23,4.403204729309272,35
2025-01-02,0.1.1,2023-04-17T09:54:42.747+00:00,349,5,2,0,23,4.403204729309272,35
2025-01-03,0.1.1,2023-04-17T09:54:42.747+00:00,349,5,3,0,23,4.403204729309272,35
2025-01-03,0.1.1,2023-04-17T09:54:42.747+00:00,349,5,2,0,23,4.403204729309272,35
2025-01-04,0.1.1,2023-04-17T09:54:42.747+00:00,349,5,3,0,23,4.403204729309272,35
2025-01-04,0.1.1,2023-04-17T09:54:42.747+00:00,349,5,2,0,23,4.403204729309272,35
2025-01-05,0.1.1,2023-04-17T09:54:42.747+00:00,349,5,3,0,23,4.403204729309272,35
2025-01-05,0.1.1,2023-04-17T09:54:42.747+00:00,349,5,2,0,23,4.403204729309272,35
2025-01-06,0.1.1,2023-04-17T09:54:42.747+00:00,349,5,2,0,23,4.403204729309272,35
2025-01-06,0.1.1,2023-04-17T09:54:42.747+00:00,349,5,2,0,23,4.403204729309272,35
2025-01-07,0.1.1,2023-04-17T09:54:42.747+00:00,350,5,3,0,23,4.403204729309272,35
2025-01-07,0.1.1,2023-04-17T09:54:42.747+00:00,350,5,2,0,23,4.403204729309272,35
2025-01-08,0.1.1,2023-04-17T09:54:42.747+00:00,350,5,3,0,23,4.403204729309272,35
2025-01-08,0.1.1,2023-04-17T09:54:42.747+00:00,350,5,2,0,23,4.403204729309272,35
2025-01-09,0.1.1,2023-04-17T09:54:42.747+00:00,350,5,1,0,23,4.403204729309272,35
2025-01-09,0.1.1,2023-04-17T09:54:42.747+00:00,350,5,2,0,23,4.403204729309272,35
2025-01-10,0.1.1,2023-04-17T09:54:42.747+00:00,350,5,2,0,23,4.403204729309272,35
2025-01-10,0.1.1,2023-04-17T09:54:42.747+00:00,350,5,2,0,23,4.403204729309272,35
2025-01-11,0.1.1,2023-04-17T09:54:42.747+00:00,350,5,2,0,23,4.403204729309272,35
2025-01-11,0.1.1,2023-04-17T09:54:42.747+00:00,350,5,2,0,23,4.403204729309272,35
2025-01-12,0.1.1,2023-04-17T09:54:42.747+00:00,351,5,2,0,23,4.403204729309272,35
2025-01-12,0.1.1,2023-04-17T09:54:42.747+00:00,351,5,2,0,23,4.403204729309272,35
2025-01-13,0.1.1,2023-04-17T09:54:42.747+00:00,351,5,2,0,23,4.403204729309272,35
2025-01-13,0.1.1,2023-04-17T09:54:42.747+00:00,351,5,2,0,23,4.403204729309272,35
2025-01-14,0.1.1,2023-04-17T09:54:42.747+00:00,351,5,2,0,23,4.403204729309272,35
2025-01-14,0.1.1,2023-04-17T09:54:42.747+00:00,351,5,1,0,23,4.403204729309272,35
2025-01-15,0.1.1,2023-04-17T09:54:42.747+00:00,351,5,1,0,23,4.403204729309272,35
2025-01-15,0.1.1,2023-04-17T09:54:42.747+00:00,351,5,1,0,23,4.403204729309272,35
2025-01-16,0.1.1,2023-04-17T09:54:42.747+00:00,351,5,1,0,23,4.403204729309272,35
2025-01-16,0.1.1,2023-04-17T09:54:42.747+00:00,351,5,1,0,23,4.403204729309272,35
2025-01-17,0.1.1,2023-04-17T09:54:42.747+00:00,353,5,1,0,23,4.403204729309272,35
2025-01-17,0.1.1,2023-04-17T09:54:42.747+00:00,353,5,1,0,23,4.403204729309272,35
2025-01-18,0.1.1,2023-04-17T09:54:42.747+00:00,353,5,2,0,23,4.403204729309272,35
2025-01-18,0.1.1,2023-04-17T09:54:42.747+00:00,353,5,1,0,23,4.403204729309272,35
2025-01-19,0.1.1,2023-04-17T09:54:42.747+00:00,355,5,1,0.28169014084507044,23,4.403204729309272,35
2025-01-19,0.1.1,2023-04-17T09:54:42.747+00:00,355,5,1,0.28169014084507044,23,4.403204729309272,35
2025-01-20,0.1.1,2023-04-17T09:54:42.747+00:00,355,5,1,0,23,4.403204729309272,35
2025-01-20,0.1.1,2023-04-17T09:54:42.747+00:00,355,5,1,0,23,4.403204729309272,35
2025-01-21,0.1.1,2023-04-17T09:54:42.747+00:00,356,5,1,0,23,4.403204729309272,35
2025-01-21,0.1.1,2023-04-17T09:54:42.747+00:00,356,5,1,0,23,4.403204729309272,35
2025-01-22,0.1.1,2023-04-17T09:54:42.747+00:00,356,5,1,0,23,4.403204729309272,38
2025-01-22,0.1.1,2023-04-17T09:54:42.747+00:00,356,5,1,0,23,4.403204729309272,38
2025-01-23,0.1.1,2023-04-17T09:54:42.747+00:00,356,5,2,0,23,4.403204729309272,38
2025-01-23,0.1.1,2023-04-17T09:54:42.747+00:00,356,5,1,0,23,4.403204729309272,38
2025-01-24,0.1.1,2023-04-17T09:54:42.747+00:00,359,5,2,0,23,4.403204729309272,38
2025-01-24,0.1.1,2023-04-17T09:54:42.747+00:00,359,5,1,0,23,4.403204729309272,38
2025-01-25,0.1.1,2023-04-17T09:54:42.747+00:00,359,5,2,0,23,4.403204729309272,38
2025-01-25,0.1.1,2023-04-17T09:54:42.747+00:00,359,5,1,0,23,4.403204729309272,38
2025-01-26,0.1.1,2023-04-17T09:54:42.747+00:00,361,5,1,0,23,4.403204729309272,39
2025-01-26,0.1.1,2023-04-17T09:54:42.747+00:00,361,5,1,0,23,4.403204729309272,39
2025-01-27,0.1.1,2023-04-17T09:54:42.747+00:00,362,5,1,0,23,4.403204729309272,39
2025-01-27,0.1.1,2023-04-17T09:54:42.747+00:00,362,5,2,0,23,4.403204729309272,39
2025-01-28,0.1.1,2023-04-17T09:54:42.747+00:00,362,5,1,0,23,4.403204729309272,39
2025-01-28,0.1.1,2023-04-17T09:54:42.747+00:00,362,5,2,0,23,4.403204729309272,39
2025-01-29,0.1.1,2023-04-17T09:54:42.747+00:00,362,5,1,0,23,4.403204729309272,39
2025-01-29,0.1.1,2023-04-17T09:54:42.747+00:00,362,5,2,0,23,4.403204729309272,39
2025-01-30,0.1.1,2023-04-17T09:54:42.747+00:00,362,5,1,0,23,4.403204729309272,39
2025-01-30,0.1.1,2023-04-17T09:54:42.747+00:00,362,5,2,0,23,4.403204729309272,39
2025-01-31,0.1.1,2023-04-17T09:54:42.747+00:00,362,5,1,0,23,4.403204729309272,39
2025-01-31,0.1.1,2023-04-17T09:54:42.747+00:00,362,5,2,0,23,4.403204729309272,39
2025-02-01,0.1.1,2023-04-17T09:54:42.747+00:00,363,5,1,0,23,4.403204729309272,39
2025-02-01,0.1.1,2023-04-17T09:54:42.747+00:00,363,5,2,0,23,4.403204729309272,39
2025-02-02,0.1.1,2023-04-17T09:54:42.747+00:00,364,5,1,0,23,4.403204729309272,39
2025-02-02,0.1.1,2023-04-17T09:54:42.747+00:00,364,5,2,0,23,4.403204729309272,39
2025-02-03,0.1.1,2023-04-17T09:54:42.747+00:00,364,5,1,0,23,4.403204729309272,40
2025-02-03,0.1.1,2023-04-17T09:54:42.747+00:00,364,5,2,0,23,4.403204729309272,40
2025-02-04,0.1.1,2023-04-17T09:54:42.747+00:00,364,5,1,0,23,4.403204729309272,40
2025-02-04,0.1.1,2023-04-17T09:54:42.747+00:00,364,5,2,0,23,4.403204729309272,40
2025-02-05,0.1.1,2023-04-17T09:54:42.747+00:00,365,5,1,0,23,4.403204729309272,40
2025-02-05,0.1.1,2023-04-17T09:54:42.747+00:00,365,5,1,0,23,4.403204729309272,40
2025-02-06,0.1.1,2023-04-17T09:54:42.747+00:00,367,5,1,0,23,4.403204729309272,40
2025-02-06,0.1.1,2023-04-17T09:54:42.747+00:00,367,5,1,0,23,4.403204729309272,40
2025-02-07,0.1.1,2023-04-17T09:54:42.747+00:00,369,5,1,0,23,4.403204729309272,40
2025-02-07,0.1.1,2023-04-17T09:54:42.747+00:00,369,5,2,0,23,4.403204729309272,40
2025-02-08,0.1.1,2023-04-17T09:54:42.747+00:00,370,5,1,0,23,4.403204729309272,40
2025-02-08,0.1.1,2023-04-17T09:54:42.747+00:00,370,5,2,0,23,4.403204729309272,40
2025-02-09,0.1.1,2023-04-17T09:54:42.747+00:00,370,5,1,0,23,4.403204729309272,40
2025-02-09,0.1.1,2023-04-17T09:54:42.747+00:00,370,5,2,0,23,4.403204729309272,40
2025-02-10,0.1.1,2023-04-17T09:54:42.747+00:00,370,5,1,0,23,4.403204729309272,40
2025-02-10,0.1.1,2023-04-17T09:54:42.747+00:00,370,5,1,0,23,4.403204729309272,40
2025-02-11,0.1.1,2023-04-17T09:54:42.747+00:00,370,5,1,0,23,4.403204729309272,40
2025-02-11,0.1.1,2023-04-17T09:54:42.747+00:00,370,5,1,0,23,4.403204729309272,40
2025-02-12,0.1.1,2023-04-17T09:54:42.747+00:00,371,5,1,0,23,4.403204729309272,43
2025-02-12,0.1.1,2023-04-17T09:54:42.747+00:00,371,5,1,0,23,4.403204729309272,43
2025-02-13,0.1.1,2023-04-17T09:54:42.747+00:00,372,5,1,0,23,4.403204729309272,43
2025-02-13,0.1.1,2023-04-17T09:54:42.747+00:00,372,5,1,0,23,4.403204729309272,43
2025-02-14,0.1.1,2023-04-17T09:54:42.747+00:00,373,5,1,0,23,4.403204729309272,47
2025-02-14,0.1.1,2023-04-17T09:54:42.747+00:00,373,5,1,0,23,4.403204729309272,47
2025-02-15,0.1.1,2023-04-17T09:54:42.747+00:00,373,5,1,0,23,4.403204729309272,50
2025-02-15,0.1.1,2023-04-17T09:54:42.747+00:00,373,5,2,0,23,4.403204729309272,50
2025-02-16,0.1.1,2023-04-17T09:54:42.747+00:00,373,5,1,0,23,4.403204729309272,50
2025-02-16,0.1.1,2023-04-17T09:54:42.747+00:00,373,5,2,0,23,4.403204729309272,50
2025-02-17,0.1.1,2023-04-17T09:54:42.747+00:00,375,5,1,0,23,4.403204729309272,50
2025-02-17,0.1.1,2023-04-17T09:54:42.747+00:00,375,5,2,0,23,4.403204729309272,50
2025-02-18,0.1.1,2023-04-17T09:54:42.747+00:00,376,5,1,0,23,4.403204729309272,50
2025-02-18,0.1.1,2023-04-17T09:54:42.747+00:00,376,5,2,0,23,4.403204729309272,50
2025-02-19,0.1.1,2023-04-17T09:54:42.747+00:00,376,5,1,0,23,4.403204729309272,50
2025-02-19,0.1.1,2023-04-17T09:54:42.747+00:00,376,5,2,0,23,4.403204729309272,50
2025-02-20,0.1.1,2023-04-17T09:54:42.747+00:00,377,5,1,0,23,4.403204729309272,50
2025-02-20,0.1.1,2023-04-17T09:54:42.747+00:00,377,5,2,0,23,4.403204729309272,50
2025-02-21,0.1.1,2023-04-17T09:54:42.747+00:00,378,5,1,0,23,4.403204729309272,50
2025-02-21,0.1.1,2023-04-17T09:54:42.747+00:00,378,5,2,0,23,4.403204729309272,50
2025-02-22,0.1.1,2023-04-17T09:54:42.747+00:00,379,5,1,0,23,4.403204729309272,50
2025-02-22,0.1.1,2023-04-17T09:54:42.747+00:00,379,5,2,0,23,4.403204729309272,50
2025-02-23,0.1.1,2023-04-17T09:54:42.747+00:00,379,5,1,0,23,4.403204729309272,50
2025-02-23,0.1.1,2023-04-17T09:54:42.747+00:00,379,5,2,0,23,4.403204729309272,50
2025-02-24,0.1.1,2023-04-17T09:54:42.747+00:00,379,5,1,0,23,4.403204729309272,50
2025-02-24,0.1.1,2023-04-17T09:54:42.747+00:00,379,5,2,0,23,4.403204729309272,50
2025-02-25,0.1.1,2023-04-17T09:54:42.747+00:00,379,5,1,0,23,4.403204729309272,50
2025-02-25,0.1.1,2023-04-17T09:54:42.747+00:00,379,5,2,0,23,4.403204729309272,50
2025-02-26,0.1.1,2023-04-17T09:54:42.747+00:00,379,5,1,0,23,4.403204729309272,50
2025-02-26,0.1.1,2023-04-17T09:54:42.747+00:00,379,5,2,0,23,4.403204729309272,50
2025-02-27,0.1.1,2023-04-17T09:54:42.747+00:00,380,5,1,0,23,4.403204729309272,50
2025-02-27,0.1.1,2023-04-17T09:54:42.747+00:00,380,5,2,0,23,4.403204729309272,50
2025-02-28,0.1.1,2023-04-17T09:54:42.747+00:00,380,5,1,0,23,4.403204729309272,50
2025-02-28,0.1.1,2023-04-17T09:54:42.747+00:00,380,5,2,0,23,4.403204729309272,50
2025-03-01,0.1.1,2023-04-17T09:54:42.747+00:00,381,5,1,0,23,4.403204729309272,50
2025-03-01,0.1.1,2023-04-17T09:54:42.747+00:00,381,5,1,0,23,4.403204729309272,50
2025-03-02,0.1.1,2023-04-17T09:54:42.747+00:00,381,5,1,0,23,4.403204729309272,53
2025-03-02,0.1.1,2023-04-17T09:54:42.747+00:00,381,5,2,0,23,4.403204729309272,53
2025-03-03,0.1.1,2023-04-17T09:54:42.747+00:00,382,5,7,0,23,4.403204729309272,53
2025-03-03,0.1.1,2023-04-17T09:54:42.747+00:00,382,5,7,0,23,4.403204729309272,53
2025-03-04,0.1.1,2023-04-17T09:54:42.747+00:00,382,5,7,0,23,4.403204729309272,53
2025-03-04,0.1.1,2023-04-17T09:54:42.747+00:00,382,5,2,0,23,4.403204729309272,53
2025-03-05,0.1.1,2023-04-17T09:54:42.747+00:00,382,5,1,0,23,4.403204729309272,53
2025-03-05,0.1.1,2023-04-17T09:54:42.747+00:00,382,5,2,0,23,4.403204729309272,53
2025-03-06,0.1.1,2023-04-17T09:54:42.747+00:00,382,5,1,0,23,4.403204729309272,53
2025-03-06,0.1.1,2023-04-17T09:54:42.747+00:00,382,5,2,0,23,4.403204729309272,53
2025-03-07,0.1.1,2023-04-17T09:54:42.747+00:00,382,5,1,0,23,4.403204729309272,53
2025-03-07,0.1.1,2023-04-17T09:54:42.747+00:00,382,5,2,0,23,4.403204729309272,53
2025-03-08,0.1.1,2023-04-17T09:54:42.747+00:00,382,5,9,0,23,4.403204729309272,53
2025-03-08,0.1.1,2023-04-17T09:54:42.747+00:00,382,5,2,0,23,4.403204729309272,53
2025-03-09,0.1.1,2023-04-17T09:54:42.747+00:00,382,5,1,0,23,4.403204729309272,53
2025-03-09,0.1.1,2023-04-17T09:54:42.747+00:00,382,5,2,0,23,4.403204729309272,53
2025-03-10,0.1.1,2023-04-17T09:54:42.747+00:00,382,5,1,0,23,4.403204729309272,53
2025-03-10,0.1.1,2023-04-17T09:54:42.747+00:00,382,5,2,0,23,4.403204729309272,53
2025-03-11,0.1.1,2023-04-17T09:54:42.747+00:00,382,5,1,0,23,4.403204729309272,53
2025-03-11,0.1.1,2023-04-17T09:54:42.747+00:00,382,5,2,0,23,4.403204729309272,53
2025-03-12,0.1.1,2023-04-17T09:54:42.747+00:00,382,5,1,0,23,4.403204729309272,54
2025-03-12,0.1.1,2023-04-17T09:54:42.747+00:00,382,5,2,0,23,4.403204729309272,54
2025-03-13,0.1.1,2023-04-17T09:54:42.747+00:00,383,5,1,0,23,4.403204729309272,56
2025-03-13,0.1.1,2023-04-17T09:54:42.747+00:00,383,5,2,0,23,4.403204729309272,56
2025-03-14,0.1.1,2023-04-17T09:54:42.747+00:00,383,5,1,0,23,4.403204729309272,57
2025-03-14,0.1.1,2023-04-17T09:54:42.747+00:00,383,5,2,0,23,4.403204729309272,57
2025-03-15,0.1.1,2023-04-17T09:54:42.747+00:00,383,5,4,0,23,4.403204729309272,58
2025-03-15,0.1.1,2023-04-17T09:54:42.747+00:00,383,5,4,0,23,4.403204729309272,58
2025-03-16,0.1.1,2023-04-17T09:54:42.747+00:00,384,5,4,0,23,4.403204729309272,59
2025-03-16,0.1.1,2023-04-17T09:54:42.747+00:00,384,5,2,0,23,4.403204729309272,59
2025-03-17,0.1.1,2023-04-17T09:54:42.747+00:00,384,5,1,0,23,4.403204729309272,59
2025-03-17,0.1.1,2023-04-17T09:54:42.747+00:00,384,5,2,0,23,4.403204729309272,59
2025-03-18,0.1.1,2023-04-17T09:54:42.747+00:00,386,5,1,0,23,4.403204729309272,60
2025-03-18,0.1.1,2023-04-17T09:54:42.747+00:00,386,5,1,0,23,4.403204729309272,60
2025-03-19,0.1.1,2023-04-17T09:54:42.747+00:00,386,5,4,0,23,4.403204729309272,61
2025-03-19,0.1.1,2023-04-17T09:54:42.747+00:00,386,5,2,0,23,4.403204729309272,61
2025-03-20,0.1.1,2023-04-17T09:54:42.747+00:00,386,5,1,0,23,4.403204729309272,61
2025-03-20,0.1.1,2023-04-17T09:54:42.747+00:00,386,5,1,0,23,4.403204729309272,61
2025-03-21,0.1.1,2023-04-17T09:54:42.747+00:00,386,5,1,0,23,4.403204729309272,63
2025-03-21,0.1.1,2023-04-17T09:54:42.747+00:00,386,5,1,0,23,4.403204729309272,63
2025-03-22,0.1.1,2023-04-17T09:54:42.747+00:00,386,5,1,0,23,4.403204729309272,64
2025-03-22,0.1.1,2023-04-17T09:54:42.747+00:00,386,5,1,0,23,4.403204729309272,64
2025-03-23,0.1.1,2023-04-17T09:54:42.747+00:00,386,5,1,0,23,4.403204729309272,65
2025-03-23,0.1.1,2023-04-17T09:54:42.747+00:00,386,5,1,0,23,4.403204729309272,65
2025-03-24,0.1.1,2023-04-17T09:54:42.747+00:00,388,5,1,0,23,4.403204729309272,66
2025-03-24,0.1.1,2023-04-17T09:54:42.747+00:00,388,5,1,0,23,4.403204729309272,66
2025-03-25,0.1.1,2023-04-17T09:54:42.747+00:00,388,5,1,0,23,4.403204729309272,67
2025-03-25,0.1.1,2023-04-17T09:54:42.747+00:00,388,5,1,0,23,4.403204729309272,67
2025-03-26,0.1.1,2023-04-17T09:54:42.747+00:00,389,5,1,0,23,4.403204729309272,68
2025-03-26,0.1.1,2023-04-17T09:54:42.747+00:00,389,5,1,0,23,4.403204729309272,68
2025-03-27,0.1.1,2023-04-17T09:54:42.747+00:00,389,5,1,0,23,4.403204729309272,71
2025-03-27,0.1.1,2023-04-17T09:54:42.747+00:00,389,5,1,0,23,4.403204729309272,71
2025-03-28,0.1.1,2023-04-17T09:54:42.747+00:00,389,5,2,0,23,4.403204729309272,72
2025-03-28,0.1.1,2023-04-17T09:54:42.747+00:00,389,5,1,0,23,4.403204729309272,72
2025-03-29,0.1.1,2023-04-17T09:54:42.747+00:00,389,5,1,0,23,4.403204729309272,74
2025-03-29,0.1.1,2023-04-17T09:54:42.747+00:00,389,5,1,0,23,4.403204729309272,74
2025-03-30,0.1.1,2023-04-17T09:54:42.747+00:00,389,5,1,0,23,4.403204729309272,75
2025-03-30,0.1.1,2023-04-17T09:54:42.747+00:00,389,5,1,0,23,4.403204729309272,75
2025-03-31,0.1.1,2023-04-17T09:54:42.747+00:00,389,5,1,0,23,4.403204729309272,76
2025-03-31,0.1.1,2023-04-17T09:54:42.747+00:00,389,5,1,0,23,4.403204729309272,76
2025-04-01,0.1.1,2023-04-17T09:54:42.747+00:00,389,5,1,0,23,4.403204729309272,78
2025-04-01,0.1.1,2023-04-17T09:54:42.747+00:00,389,5,1,0,23,4.403204729309272,78
2025-04-02,0.1.1,2023-04-17T09:54:42.747+00:00,389,5,1,0,23,4.403204729309272,79
2025-04-02,0.1.1,2023-04-17T09:54:42.747+00:00,389,5,1,0,23,4.403204729309272,79
2025-04-03,0.1.1,2023-04-17T09:54:42.747+00:00,389,5,1,0,23,4.403204729309272,80
2025-04-03,0.1.1,2023-04-17T09:54:42.747+00:00,389,5,1,0,23,4.403204729309272,80
2025-04-04,0.1.1,2023-04-17T09:54:42.747+00:00,389,5,1,0,23,4.403204729309272,81
2025-04-04,0.1.1,2023-04-17T09:54:42.747+00:00,389,5,1,0,23,4.403204729309272,81
2025-04-05,0.1.1,2023-04-17T09:54:42.747+00:00,389,5,1,0,23,4.403204729309272,83
2025-04-05,0.1.1,2023-04-17T09:54:42.747+00:00,389,5,2,0,23,4.403204729309272,83
2025-04-06,0.1.1,2023-04-17T09:54:42.747+00:00,390,5,1,0,23,4.403204729309272,84
2025-04-06,0.1.1,2023-04-17T09:54:42.747+00:00,390,5,1,0,23,4.403204729309272,84
2025-04-07,0.1.1,2023-04-17T09:54:42.747+00:00,390,5,1,0,23,4.403204729309272,85
2025-04-07,0.1.1,2023-04-17T09:54:42.747+00:00,390,5,1,0,23,4.403204729309272,85
2025-04-08,0.1.1,2023-04-17T09:54:42.747+00:00,390,5,1,0,23,4.403204729309272,85
2025-04-08,0.1.1,2023-04-17T09:54:42.747+00:00,390,5,1,0,23,4.403204729309272,85
2025-04-09,0.1.1,2023-04-17T09:54:42.747+00:00,390,5,1,0,23,4.403204729309272,86
2025-04-09,0.1.1,2023-04-17T09:54:42.747+00:00,390,5,1,0,23,4.403204729309272,86
2025-04-10,0.1.1,2023-04-17T09:54:42.747+00:00,390,5,1,0,23,4.403204729309272,86
2025-04-10,0.1.1,2023-04-17T09:54:42.747+00:00,390,5,1,0,23,4.403204729309272,86
2025-04-11,0.1.1,2023-04-17T09:54:42.747+00:00,390,5,1,0,23,4.403204729309272,86
2025-04-11,0.1.1,2023-04-17T09:54:42.747+00:00,390,5,1,0,23,4.403204729309272,86
2025-04-12,0.1.1,2023-04-17T09:54:42.747+00:00,390,5,1,0,23,4.403204729309272,87
2025-04-12,0.1.1,2023-04-17T09:54:42.747+00:00,390,5,2,0,23,4.403204729309272,87
2025-04-13,0.1.1,2023-04-17T09:54:42.747+00:00,390,5,1,0,23,4.403204729309272,87
2025-04-13,0.1.1,2023-04-17T09:54:42.747+00:00,390,5,2,0,23,4.403204729309272,87
2025-04-14,0.1.1,2023-04-17T09:54:42.747+00:00,390,5,1,0,23,4.403204729309272,89
2025-04-14,0.1.1,2023-04-17T09:54:42.747+00:00,390,5,2,0,23,4.403204729309272,89
2025-04-15,0.1.1,2023-04-17T09:54:42.747+00:00,390,5,1,0,23,4.403204729309272,90
2025-04-15,0.1.1,2023-04-17T09:54:42.747+00:00,390,5,2,0,23,4.403204729309272,90
2025-04-16,0.1.1,2023-04-17T09:54:42.747+00:00,390,5,1,0,23,4.403204729309272,91
2025-04-16,0.1.1,2023-04-17T09:54:42.747+00:00,390,5,2,0,23,4.403204729309272,91
2025-04-17,0.1.1,2023-04-17T09:54:42.747+00:00,390,5,1,0,23,4.403204729309272,92
2025-04-17,0.1.1,2023-04-17T09:54:42.747+00:00,390,5,2,0,23,4.403204729309272,92
2025-04-18,0.1.1,2023-04-17T09:54:42.747+00:00,391,5,1,0,23,4.403204729309272,92
2025-04-18,0.1.1,2023-04-17T09:54:42.747+00:00,391,5,2,0,23,4.403204729309272,92
2025-04-19,0.1.1,2023-04-17T09:54:42.747+00:00,391,5,1,0,23,4.403204729309272,94
2025-04-19,0.1.1,2023-04-17T09:54:42.747+00:00,391,5,2,0,23,4.403204729309272,94
2025-04-20,0.1.1,2023-04-17T09:54:42.747+00:00,391,5,1,0,23,4.403204729309272,96
2025-04-20,0.1.1,2023-04-17T09:54:42.747+00:00,391,5,2,0,23,4.403204729309272,96
2025-04-21,0.1.1,2023-04-17T09:54:42.747+00:00,391,5,1,0,23,4.403204729309272,98
2025-04-21,0.1.1,2023-04-17T09:54:42.747+00:00,391,5,2,0,23,4.403204729309272,98
2025-04-22,0.1.1,2023-04-17T09:54:42.747+00:00,392,5,1,0,23,4.403204729309272,99
2025-04-22,0.1.1,2023-04-17T09:54:42.747+00:00,392,5,2,0,23,4.403204729309272,99
2025-04-23,0.1.1,2023-04-17T09:54:42.747+00:00,392,5,1,0,23,4.403204729309272,100
2025-04-23,0.1.1,2023-04-17T09:54:42.747+00:00,392,5,2,0,23,4.403204729309272,100
2025-04-24,0.1.1,2023-04-17T09:54:42.747+00:00,392,5,1,0,23,4.403204729309272,100
2025-04-24,0.1.1,2023-04-17T09:54:42.747+00:00,392,5,1,0,23,4.403204729309272,100
2025-04-25,0.1.1,2023-04-17T09:54:42.747+00:00,392,5,1,0,23,4.403204729309272,102
2025-04-25,0.1.1,2023-04-17T09:54:42.747+00:00,392,5,1,0,23,4.403204729309272,102
2025-04-26,0.1.1,2023-04-17T09:54:42.747+00:00,392,5,1,0,23,4.403204729309272,102
2025-04-26,0.1.1,2023-04-17T09:54:42.747+00:00,392,5,2,0,23,4.403204729309272,102
2025-04-27,0.1.1,2023-04-17T09:54:42.747+00:00,392,5,1,0,23,4.403204729309272,103
2025-04-27,0.1.1,2023-04-17T09:54:42.747+00:00,392,5,2,0,23,4.403204729309272,103
2025-04-28,0.1.1,2023-04-17T09:54:42.747+00:00,392,5,10,0,23,4.403204729309272,104
2025-04-28,0.1.1,2023-04-17T09:54:42.747+00:00,392,5,2,0,23,4.403204729309272,104
2025-04-29,0.1.1,2023-04-17T09:54:42.747+00:00,392,5,1,0,23,4.403204729309272,106
2025-04-29,0.1.1,2023-04-17T09:54:42.747+00:00,392,5,2,0,23,4.403204729309272,106
2025-04-30,0.1.1,2023-04-17T09:54:42.747+00:00,392,5,1,0,23,4.403204729309272,107
2025-04-30,0.1.1,2023-04-17T09:54:42.747+00:00,392,5,2,0,23,4.403204729309272,107
2025-05-01,0.1.1,2023-04-17T09:54:42.747+00:00,392,5,1,0,23,4.403204729309272,107
2025-05-01,0.1.1,2023-04-17T09:54:42.747+00:00,392,5,2,0,23,4.403204729309272,107
2025-05-02,0.1.1,2023-04-17T09:54:42.747+00:00,392,5,1,0,23,4.403204729309272,109
2025-05-02,0.1.1,2023-04-17T09:54:42.747+00:00,392,5,1,0,23,4.403204729309272,109
2025-05-03,0.1.1,2023-04-17T09:54:42.747+00:00,392,5,1,0,23,4.403204729309272,112
2025-05-03,0.1.1,2023-04-17T09:54:42.747+00:00,392,5,1,0,23,4.403204729309272,112
2025-05-04,0.1.1,2023-04-17T09:54:42.747+00:00,392,5,1,0,23,4.403204729309272,113
2025-05-04,0.1.1,2023-04-17T09:54:42.747+00:00,392,5,1,0,23,4.403204729309272,113
2025-05-05,0.1.1,2023-04-17T09:54:42.747+00:00,392,5,1,0,23,4.403204729309272,116
2025-05-05,0.1.1,2023-04-17T09:54:42.747+00:00,392,5,1,0,23,4.403204729309272,116
2025-05-06,0.1.1,2023-04-17T09:54:42.747+00:00,392,5,1,0,23,4.403204729309272,116
2025-05-06,0.1.1,2023-04-17T09:54:42.747+00:00,392,5,2,0,23,4.403204729309272,116
2025-05-07,0.1.1,2023-04-17T09:54:42.747+00:00,392,5,1,0,23,4.403204729309272,116
2025-05-07,0.1.1,2023-04-17T09:54:42.747+00:00,392,5,2,0,23,4.403204729309272,116
2025-05-08,0.1.1,2023-04-17T09:54:42.747+00:00,392,5,1,0,23,4.403204729309272,116
2025-05-08,0.1.1,2023-04-17T09:54:42.747+00:00,392,5,2,0,23,4.403204729309272,116
2025-05-09,0.1.1,2023-04-17T09:54:42.747+00:00,393,5,1,0,23,4.403204729309272,117
2025-05-09,0.1.1,2023-04-17T09:54:42.747+00:00,393,5,2,0,23,4.403204729309272,117
2025-05-10,0.1.1,2023-04-17T09:54:42.747+00:00,393,5,1,0,23,4.403204729309272,117
2025-05-10,0.1.1,2023-04-17T09:54:42.747+00:00,393,5,2,0,23,4.403204729309272,117
2025-05-11,0.1.1,2023-04-17T09:54:42.747+00:00,393,5,1,0,23,4.403204729309272,118
2025-05-11,0.1.1,2023-04-17T09:54:42.747+00:00,393,5,2,0,23,4.403204729309272,118
2025-05-12,0.1.1,2023-04-17T09:54:42.747+00:00,393,5,1,0,23,4.403204729309272,119
2025-05-12,0.1.1,2023-04-17T09:54:42.747+00:00,393,5,2,0,23,4.403204729309272,119
2025-05-13,0.1.1,2023-04-17T09:54:42.747+00:00,393,5,3,0,23,4.403204729309272,120
2025-05-13,0.1.1,2023-04-17T09:54:42.747+00:00,393,5,2,0,23,4.403204729309272,120
2025-05-14,0.1.1,2023-04-17T09:54:42.747+00:00,393,5,1,0,23,4.403204729309272,120
2025-05-14,0.1.1,2023-04-17T09:54:42.747+00:00,393,5,1,0,23,4.403204729309272,120
2025-05-15,0.1.1,2023-04-17T09:54:42.747+00:00,393,5,1,0,23,4.403204729309272,120
2025-05-15,0.1.1,2023-04-17T09:54:42.747+00:00,393,5,2,0,23,4.403204729309272,120
2025-05-16,0.1.1,2023-04-17T09:54:42.747+00:00,393,5,3,0,23,4.403204729309272,120
2025-05-16,0.1.1,2023-04-17T09:54:42.747+00:00,393,5,2,0,23,4.403204729309272,120
2025-05-17,0.1.1,2023-04-17T09:54:42.747+00:00,393,5,3,0,23,4.403204729309272,121
2025-05-17,0.1.1,2023-04-17T09:54:42.747+00:00,393,5,2,0,23,4.403204729309272,121
2025-05-18,0.1.1,2023-04-17T09:54:42.747+00:00,393,5,1,0,23,4.403204729309272,123
2025-05-18,0.1.1,2023-04-17T09:54:42.747+00:00,393,5,2,0,23,4.403204729309272,123
2025-05-19,0.1.1,2023-04-17T09:54:42.747+00:00,393,5,1,0,23,4.403204729309272,124
2025-05-19,0.1.1,2023-04-17T09:54:42.747+00:00,393,5,9,0,23,4.403204729309272,124
2025-05-20,0.1.1,2023-04-17T09:54:42.747+00:00,394,5,1,0,23,4.403204729309272,125
2025-05-20,0.1.1,2023-04-17T09:54:42.747+00:00,394,5,9,0,23,4.403204729309272,125
2025-05-21,0.1.1,2023-04-17T09:54:42.747+00:00,394,5,1,0,23,4.403204729309272,127
2025-05-21,0.1.1,2023-04-17T09:54:42.747+00:00,394,5,2,0,23,4.403204729309272,127
2025-05-22,0.1.1,2023-04-17T09:54:42.747+00:00,394,5,1,0,23,4.403204729309272,128
2025-05-22,0.1.1,2023-04-17T09:54:42.747+00:00,394,5,2,0,23,4.403204729309272,128
2025-05-23,0.1.1,2023-04-17T09:54:42.747+00:00,394,5,6,0,23,4.403204729309272,128
2025-05-23,0.1.1,2023-04-17T09:54:42.747+00:00,394,5,2,0,23,4.403204729309272,128
2025-05-24,0.1.1,2023-04-17T09:54:42.747+00:00,394,5,6,0,23,4.403204729309272,129
2025-05-24,0.1.1,2023-04-17T09:54:42.747+00:00,394,5,2,0,23,4.403204729309272,129
2025-05-25,0.1.1,2023-04-17T09:54:42.747+00:00,394,5,1,0,23,4.403204729309272,129
2025-05-25,0.1.1,2023-04-17T09:54:42.747+00:00,394,5,2,0,23,4.403204729309272,129
2025-05-26,0.1.1,2023-04-17T09:54:42.747+00:00,394,5,1,0,23,4.403204729309272,130
2025-05-26,0.1.1,2023-04-17T09:54:42.747+00:00,394,5,2,0,23,4.403204729309272,130
2025-05-27,0.1.1,2023-04-17T09:54:42.747+00:00,394,5,1,0,23,4.403204729309272,130
2025-05-27,0.1.1,2023-04-17T09:54:42.747+00:00,394,5,1,0,23,4.403204729309272,130
2025-05-28,0.1.1,2023-04-17T09:54:42.747+00:00,394,5,1,0,23,4.403204729309272,130
2025-05-28,0.1.1,2023-04-17T09:54:42.747+00:00,394,5,2,0,23,4.403204729309272,130
2025-05-29,0.1.1,2023-04-17T09:54:42.747+00:00,394,5,1,0,23,4.403204729309272,131
2025-05-29,0.1.1,2023-04-17T09:54:42.747+00:00,394,5,2,0,23,4.403204729309272,131
2025-05-31,0.1.1,2023-04-17T09:54:42.747+00:00,394,5,1,0,23,4.403204729309272,131
2025-05-31,0.1.1,2023-04-17T09:54:42.747+00:00,394,5,1,0,23,4.403204729309272,131
2025-06-01,0.1.1,2023-04-17T09:54:42.747+00:00,394,5,1,0,23,4.403204729309272,131
2025-06-01,0.1.1,2023-04-17T09:54:42.747+00:00,394,5,1,0,23,4.403204729309272,131
2025-06-02,0.1.1,2023-04-17T09:54:42.747+00:00,394,5,1,0,23,4.403204729309272,131
2025-06-02,0.1.1,2023-04-17T09:54:42.747+00:00,394,5,1,0,23,4.403204729309272,131
2025-06-03,0.1.1,2023-04-17T09:54:42.747+00:00,394,5,10,0,23,4.403204729309272,131
2025-06-03,0.1.1,2023-04-17T09:54:42.747+00:00,394,5,10,0,23,4.403204729309272,131
2025-06-04,0.1.1,2023-04-17T09:54:42.747+00:00,395,5,10,0,23,4.403204729309272,132
2025-06-04,0.1.1,2023-04-17T09:54:42.747+00:00,395,5,10,0,23,4.403204729309272,132
2025-06-05,0.1.1,2023-04-17T09:54:42.747+00:00,395,5,1,0,23,4.403204729309272,132
2025-06-05,0.1.1,2023-04-17T09:54:42.747+00:00,395,5,10,0,23,4.403204729309272,132
2025-06-06,0.1.1,2023-04-17T09:54:42.747+00:00,395,5,1,0,23,4.403204729309272,132
2025-06-06,0.1.1,2023-04-17T09:54:42.747+00:00,395,5,10,0,23,4.403204729309272,132
2025-06-07,0.1.1,2023-04-17T09:54:42.747+00:00,395,5,1,0,23,4.403204729309272,132
2025-06-07,0.1.1,2023-04-17T09:54:42.747+00:00,395,5,2,0,23,4.403204729309272,132
2025-06-08,0.1.1,2023-04-17T09:54:42.747+00:00,395,5,1,0,23,4.403204729309272,133
2025-06-08,0.1.1,2023-04-17T09:54:42.747+00:00,395,5,2,0,23,4.403204729309272,133
2025-06-09,0.1.1,2023-04-17T09:54:42.747+00:00,395,5,1,0,23,4.403204729309272,135
2025-06-09,0.1.1,2023-04-17T09:54:42.747+00:00,395,5,2,0,23,4.403204729309272,135
2025-06-10,0.1.1,2023-04-17T09:54:42.747+00:00,395,5,1,0,23,4.403204729309272,137
2025-06-10,0.1.1,2023-04-17T09:54:42.747+00:00,395,5,2,0,23,4.403204729309272,137
2025-06-11,0.1.1,2023-04-17T09:54:42.747+00:00,395,5,1,0,23,4.403204729309272,139
2025-06-11,0.1.1,2023-04-17T09:54:42.747+00:00,395,5,2,0,23,4.403204729309272,139
2025-06-12,0.1.1,2023-04-17T09:54:42.747+00:00,395,5,1,0,23,4.403204729309272,140
2025-06-12,0.1.1,2023-04-17T09:54:42.747+00:00,395,5,2,0,23,4.403204729309272,140
2025-06-13,0.1.1,2023-04-17T09:54:42.747+00:00,395,5,1,0,23,4.403204729309272,140
2025-06-13,0.1.1,2023-04-17T09:54:42.747+00:00,395,5,2,0,23,4.403204729309272,140
2025-06-14,0.1.1,2023-04-17T09:54:42.747+00:00,395,5,1,0,23,4.403204729309272,140
2025-06-14,0.1.1,2023-04-17T09:54:42.747+00:00,395,5,2,0,23,4.403204729309272,140
2025-06-15,0.1.1,2023-04-17T09:54:42.747+00:00,396,5,1,0,23,4.403204729309272,142
2025-06-15,0.1.1,2023-04-17T09:54:42.747+00:00,396,5,2,0,23,4.403204729309272,142
2025-06-16,0.1.1,2023-04-17T09:54:42.747+00:00,396,5,1,0,23,4.403204729309272,143
2025-06-16,0.1.1,2023-04-17T09:54:42.747+00:00,396,5,2,0,23,4.403204729309272,143
2025-06-17,0.1.1,2023-04-17T09:54:42.747+00:00,396,5,1,0,23,4.403204729309272,143
2025-06-17,0.1.1,2023-04-17T09:54:42.747+00:00,396,5,2,0,23,4.403204729309272,143
2025-06-18,0.1.1,2023-04-17T09:54:42.747+00:00,397,5,1,0,23,4.403204729309272,144
2025-06-18,0.1.1,2023-04-17T09:54:42.747+00:00,397,5,2,0,23,4.403204729309272,144
2025-06-19,0.1.1,2023-04-17T09:54:42.747+00:00,397,5,1,0,23,4.403204729309272,144
2025-06-19,0.1.1,2023-04-17T09:54:42.747+00:00,397,5,2,0,23,4.403204729309272,144
2025-06-20,0.1.1,2023-04-17T09:54:42.747+00:00,397,5,1,0,23,4.403204729309272,145
2025-06-20,0.1.1,2023-04-17T09:54:42.747+00:00,397,5,2,0,23,4.403204729309272,145
2025-06-21,0.1.1,2023-04-17T09:54:42.747+00:00,397,5,1,0,23,4.403204729309272,147
2025-06-21,0.1.1,2023-04-17T09:54:42.747+00:00,397,5,2,0,23,4.403204729309272,147
2025-06-22,0.1.1,2023-04-17T09:54:42.747+00:00,397,5,1,0,23,4.403204729309272,148
2025-06-22,0.1.1,2023-04-17T09:54:42.747+00:00,397,5,2,0,23,4.403204729309272,148
2025-06-23,0.1.1,2023-04-17T09:54:42.747+00:00,397,5,1,0,23,4.403204729309272,148
2025-06-23,0.1.1,2023-04-17T09:54:42.747+00:00,397,5,2,0,23,4.403204729309272,148
2025-06-24,0.1.1,2023-04-17T09:54:42.747+00:00,397,5,1,0,23,4.403204729309272,149
2025-06-24,0.1.1,2023-04-17T09:54:42.747+00:00,397,5,2,0,23,4.403204729309272,149
2025-06-25,0.1.1,2023-04-17T09:54:42.747+00:00,399,5,1,0,23,4.403204729309272,151
2025-06-25,0.1.1,2023-04-17T09:54:42.747+00:00,399,5,2,0,23,4.403204729309272,151
2025-06-26,0.1.1,2023-04-17T09:54:42.747+00:00,399,5,1,0,23,4.403204729309272,152
2025-06-26,0.1.1,2023-04-17T09:54:42.747+00:00,399,5,2,0,23,4.403204729309272,152
2025-06-27,0.1.1,2023-04-17T09:54:42.747+00:00,399,5,1,0,23,4.403204729309272,154
2025-06-27,0.1.1,2023-04-17T09:54:42.747+00:00,399,5,2,0,23,4.403204729309272,154
2025-06-28,0.1.1,2023-04-17T09:54:42.747+00:00,399,5,1,0,23,4.403204729309272,154
2025-06-28,0.1.1,2023-04-17T09:54:42.747+00:00,399,5,2,0,23,4.403204729309272,154
2025-06-29,0.1.1,2023-04-17T09:54:42.747+00:00,399,5,1,0,23,4.403204729309272,154
2025-06-29,0.1.1,2023-04-17T09:54:42.747+00:00,399,5,2,0,23,4.403204729309272,154
2025-06-30,0.1.1,2023-04-17T09:54:42.747+00:00,399,5,1,0,23,4.403204729309272,154
2025-06-30,0.1.1,2023-04-17T09:54:42.747+00:00,399,5,2,0,23,4.403204729309272,154
2025-07-01,0.1.1,2023-04-17T09:54:42.747+00:00,399,5,1,0,23,4.403204729309272,155
2025-07-01,0.1.1,2023-04-17T09:54:42.747+00:00,399,5,2,0,23,4.403204729309272,155
2025-07-02,0.1.1,2023-04-17T09:54:42.747+00:00,399,5,1,0,23,4.403204729309272,156
2025-07-02,0.1.1,2023-04-17T09:54:42.747+00:00,399,5,1,0,23,4.403204729309272,156
2025-07-03,0.1.1,2023-04-17T09:54:42.747+00:00,399,5,1,0,23,4.403204729309272,158
2025-07-03,0.1.1,2023-04-17T09:54:42.747+00:00,399,5,1,0,23,4.403204729309272,158
2025-07-04,0.1.1,2023-04-17T09:54:42.747+00:00,399,5,1,0,23,4.403204729309272,158
2025-07-04,0.1.1,2023-04-17T09:54:42.747+00:00,399,5,1,0,23,4.403204729309272,158
2025-07-05,0.1.1,2023-04-17T09:54:42.747+00:00,399,5,1,0,23,4.403204729309272,159
2025-07-05,0.1.1,2023-04-17T09:54:42.747+00:00,399,5,1,0,23,4.403204729309272,159
2025-07-06,0.1.1,2023-04-17T09:54:42.747+00:00,399,5,1,0,23,4.403204729309272,159
2025-07-06,0.1.1,2023-04-17T09:54:42.747+00:00,399,5,1,0,23,4.403204729309272,159
2025-07-07,0.1.1,2023-04-17T09:54:42.747+00:00,399,5,1,0,23,4.403204729309272,160
2025-07-07,0.1.1,2023-04-17T09:54:42.747+00:00,399,5,1,0,23,4.403204729309272,160
2025-07-08,0.1.1,2023-04-17T09:54:42.747+00:00,399,5,1,0,23,4.403204729309272,160
2025-07-08,0.1.1,2023-04-17T09:54:42.747+00:00,399,5,2,0,23,4.403204729309272,160
2025-07-09,0.1.1,2023-04-17T09:54:42.747+00:00,399,5,1,0,23,4.403204729309272,160
2025-07-09,0.1.1,2023-04-17T09:54:42.747+00:00,399,5,2,0,23,4.403204729309272,160
2025-07-10,0.1.1,2023-04-17T09:54:42.747+00:00,399,5,1,0,23,4.403204729309272,160
2025-07-10,0.1.1,2023-04-17T09:54:42.747+00:00,399,5,2,0,23,4.403204729309272,160
2025-07-11,0.1.1,2023-04-17T09:54:42.747+00:00,399,5,3,0,23,4.403204729309272,160
2025-07-11,0.1.1,2023-04-17T09:54:42.747+00:00,399,5,3,0,23,4.403204729309272,160
2025-07-12,0.1.1,2023-04-17T09:54:42.747+00:00,399,5,1,0,23,4.403204729309272,161
2025-07-12,0.1.1,2023-04-17T09:54:42.747+00:00,399,5,1,0,23,4.403204729309272,161
2025-07-13,0.1.1,2023-04-17T09:54:42.747+00:00,399,5,1,0,23,4.403204729309272,161
2025-07-13,0.1.1,2023-04-17T09:54:42.747+00:00,399,5,1,0,23,4.403204729309272,161
2025-07-14,0.1.1,2023-04-17T09:54:42.747+00:00,400,5,1,0,23,4.403204729309272,163
2025-07-14,0.1.1,2023-04-17T09:54:42.747+00:00,400,5,1,0,23,4.403204729309272,163
2025-07-15,0.1.1,2023-04-17T09:54:42.747+00:00,400,5,1,0,23,4.403204729309272,163
2025-07-15,0.1.1,2023-04-17T09:54:42.747+00:00,400,5,1,0,23,4.403204729309272,163
2025-07-16,0.1.1,2023-04-17T09:54:42.747+00:00,401,5,1,0,23,4.457579009800322,164
2025-07-16,0.1.1,2023-04-17T09:54:42.747+00:00,401,5,1,0,23,4.457579009800322,164
2025-07-17,0.1.1,2023-04-17T09:54:42.747+00:00,401,5,1,0,23,4.457495677945172,164
2025-07-17,0.1.1,2023-04-17T09:54:42.747+00:00,401,5,1,0,23,4.457495677945172,164
2025-07-18,0.1.1,2023-04-17T09:54:42.747+00:00,401,5,1,0,23,4.4576272381718045,166
2025-07-18,0.1.1,2023-04-17T09:54:42.747+00:00,401,5,1,0,23,4.4576272381718045,166
2025-07-19,0.1.1,2023-04-17T09:54:42.747+00:00,401,5,1,0,23,4.457726522958932,167
2025-07-19,0.1.1,2023-04-17T09:54:42.747+00:00,401,5,1,0,23,4.457726522958932,167
2025-07-20,0.1.1,2023-04-17T09:54:42.747+00:00,401,5,1,0,23,4.4577909951304076,167
2025-07-20,0.1.1,2023-04-17T09:54:42.747+00:00,401,5,1,0,23,4.4577909951304076,167
2025-07-21,0.1.1,2023-04-17T09:54:42.747+00:00,401,5,1,0,23,4.457829882271712,167
2025-07-21,0.1.1,2023-04-17T09:54:42.747+00:00,401,5,1,0,23,4.457829882271712,167
2025-07-22,0.1.1,2023-04-17T09:54:42.747+00:00,401,5,1,0,23,4.457674975355584,167
2025-07-22,0.1.1,2023-04-17T09:54:42.747+00:00,401,5,1,0,23,4.457674975355584,167
2025-07-23,0.1.1,2023-04-17T09:54:42.747+00:00,401,5,1,0,23,4.4577087116253535,169
2025-07-23,0.1.1,2023-04-17T09:54:42.747+00:00,401,5,1,0,23,4.4577087116253535,169
2025-07-24,0.1.1,2023-04-17T09:54:42.747+00:00,401,5,1,0,23,4.457541628268531,171
2025-07-24,0.1.1,2023-04-17T09:54:42.747+00:00,401,5,1,0,23,4.457541628268531,171
2025-07-25,0.1.1,2023-04-17T09:54:42.747+00:00,401,5,2,0,23,4.457681971042226,172
2025-07-25,0.1.1,2023-04-17T09:54:42.747+00:00,401,5,2,0,23,4.457681971042226,172
2025-07-26,0.1.1,2023-04-17T09:54:42.747+00:00,402,5,2,0,23,4.457387980522629,173
2025-07-26,0.1.1,2023-04-17T09:54:42.747+00:00,402,5,2,0,23,4.457387980522629,173
2025-07-27,0.1.1,2023-04-17T09:54:42.747+00:00,402,5,2,0,23,4.457345339102096,173
2025-07-27,0.1.1,2023-04-17T09:54:42.747+00:00,402,5,2,0,23,4.457345339102096,173
2025-07-28,0.1.1,2023-04-17T09:54:42.747+00:00,402,5,2,0,23,4.457094307561597,174
2025-07-28,0.1.1,2023-04-17T09:54:42.747+00:00,402,5,2,0,23,4.457094307561597,174
2025-07-30,0.1.1,2023-04-17T09:54:42.747+00:00,402,5,1,0,23,4.457146665170178,176
2025-07-30,0.1.1,2023-04-17T09:54:42.747+00:00,402,5,1,0,23,4.457146665170178,176
2025-07-31,0.1.1,2023-04-17T09:54:42.747+00:00,402,5,1,0,23,4.457257046697518,176
2025-07-31,0.1.1,2023-04-17T09:54:42.747+00:00,402,5,1,0,23,4.457257046697518,176
2025-08-01,0.1.1,2023-04-17T09:54:42.747+00:00,402,5,1,0,23,4.457290622788146,177
2025-08-01,0.1.1,2023-04-17T09:54:42.747+00:00,402,5,1,0,23,4.457290622788146,177
2025-08-02,0.1.1,2023-04-17T09:54:42.747+00:00,402,5,1,0,23,4.457275942983224,179
2025-08-02,0.1.1,2023-04-17T09:54:42.747+00:00,402,5,1,0,23,4.457275942983224,179
2025-08-03,0.1.1,2023-04-17T09:54:42.747+00:00,402,5,1,0,23,4.457285517202743,179
2025-08-03,0.1.1,2023-04-17T09:54:42.747+00:00,402,5,1,0,23,4.457285517202743,179
2025-08-04,0.1.1,2023-04-17T09:54:42.747+00:00,402,5,2,0,23,4.457214271711429,179
2025-08-04,0.1.1,2023-04-17T09:54:42.747+00:00,402,5,1,0,23,4.457214271711429,179
2025-08-05,0.1.1,2023-04-17T09:54:42.747+00:00,402,5,2,0,23,4.457010693091479,180
2025-08-05,0.1.1,2023-04-17T09:54:42.747+00:00,402,5,1,0,23,4.457010693091479,180
2025-08-06,0.1.1,2023-04-17T09:54:42.747+00:00,402,5,2,0,23,4.456822856183454,181
2025-08-06,0.1.1,2023-04-17T09:54:42.747+00:00,402,5,1,0,23,4.456822856183454,181
2025-08-07,0.1.1,2023-04-17T09:54:42.747+00:00,402,5,2,0,23,4.456780283167278,181
2025-08-07,0.1.1,2023-04-17T09:54:42.747+00:00,402,5,1,0,23,4.456780283167278,181
2025-08-08,0.1.1,2023-04-17T09:54:42.747+00:00,402,5,2,0,23,4.456551666305616,181
2025-08-08,0.1.1,2023-04-17T09:54:42.747+00:00,402,5,1,0,23,4.456551666305616,181
2025-08-09,0.1.1,2023-04-17T09:54:42.747+00:00,403,5,2,0,23,4.456438375301226,182
2025-08-09,0.1.1,2023-04-17T09:54:42.747+00:00,403,5,1,0,23,4.456438375301226,182
2025-08-10,0.1.1,2023-04-17T09:54:42.747+00:00,403,5,2,0,23,4.456366746971125,182
2025-08-10,0.1.1,2023-04-17T09:54:42.747+00:00,403,5,1,0,23,4.456366746971125,182
2025-08-11,0.1.1,2023-04-17T09:54:42.747+00:00,403,5,2,0,23,4.456390316095163,182
2025-08-11,0.1.1,2023-04-17T09:54:42.747+00:00,403,5,1,0,23,4.456390316095163,182
2025-08-12,0.1.1,2023-04-17T09:54:42.747+00:00,403,5,1,0,23,4.4563653490562745,183
2025-08-12,0.1.1,2023-04-17T09:54:42.747+00:00,403,5,1,0,23,4.4563653490562745,183
2025-08-13,0.1.1,2023-04-17T09:54:42.747+00:00,403,5,2,0,23,4.456307971267173,184
2025-08-13,0.1.1,2023-04-17T09:54:42.747+00:00,403,5,1,0,23,4.456307971267173,184
2025-08-14,0.1.1,2023-04-17T09:54:42.747+00:00,403,5,2,0,23,4.456267032821507,186
2025-08-14,0.1.1,2023-04-17T09:54:42.747+00:00,403,5,1,0,23,4.456267032821507,186
2025-08-15,0.1.1,2023-04-17T09:54:42.747+00:00,403,5,2,0,23,4.456081198754433,187
2025-08-15,0.1.1,2023-04-17T09:54:42.747+00:00,403,5,1,0,23,4.456081198754433,187
2025-08-16,0.1.1,2023-04-17T09:54:42.747+00:00,403,5,4,0,23,4.456051532033426,188
2025-08-16,0.1.1,2023-04-17T09:54:42.747+00:00,403,5,1,0,23,4.456051532033426,188
2025-08-17,0.1.1,2023-04-17T09:54:42.747+00:00,403,5,1,0,23,4.455973266499583,188
2025-08-17,0.1.1,2023-04-17T09:54:42.747+00:00,403,5,1,0,23,4.455973266499583,188
2025-08-18,0.1.1,2023-04-17T09:54:42.747+00:00,403,5,1,0,23,4.455939470716801,188
2025-08-18,0.1.1,2023-04-17T09:54:42.747+00:00,403,5,1,0,23,4.455939470716801,188
2025-08-19,0.1.1,2023-04-17T09:54:42.747+00:00,403,5,1,0,23,4.4559918189027865,189
2025-08-19,0.1.1,2023-04-17T09:54:42.747+00:00,403,5,1,0,23,4.4559918189027865,189
2025-08-20,0.1.1,2023-04-17T09:54:42.747+00:00,403,5,1,0,23,4.455821715398255,189
2025-08-20,0.1.1,2023-04-17T09:54:42.747+00:00,403,5,1,0,23,4.455821715398255,189
2025-08-21,0.1.1,2023-04-17T09:54:42.747+00:00,403,5,1,0,23,4.455746523313433,189
2025-08-21,0.1.1,2023-04-17T09:54:42.747+00:00,403,5,1,0,23,4.455746523313433,189
2025-08-22,0.1.1,2023-04-17T09:54:42.747+00:00,403,5,1,0,23,4.455550229595204,190
2025-08-22,0.1.1,2023-04-17T09:54:42.747+00:00,403,5,1,0,23,4.455550229595204,190
2025-08-23,0.1.1,2023-04-17T09:54:42.747+00:00,403,5,1,0,23,4.455541666666667,190
2025-08-23,0.1.1,2023-04-17T09:54:42.747+00:00,403,5,1,0,23,4.455541666666667,190
2025-08-24,0.1.1,2023-04-17T09:54:42.747+00:00,404,5,2,0,23,4.455446094460528,191
2025-08-24,0.1.1,2023-04-17T09:54:42.747+00:00,404,5,1,0,23,4.455446094460528,191
2025-08-25,0.1.1,2023-04-17T09:54:42.747+00:00,404,5,1,0,23,4.45554807498768,191
2025-08-25,0.1.1,2023-04-17T09:54:42.747+00:00,404,5,1,0,23,4.45554807498768,191
2025-08-26,0.1.1,2023-04-17T09:54:42.747+00:00,404,5,1,0,23,4.4554693786941195,192
2025-08-26,0.1.1,2023-04-17T09:54:42.747+00:00,404,5,1,0,23,4.4554693786941195,192
2025-08-27,0.1.1,2023-04-17T09:54:42.747+00:00,404,5,1,0,23,4.455515644069677,192
2025-08-27,0.1.1,2023-04-17T09:54:42.747+00:00,404,5,1,0,23,4.455515644069677,192
2025-08-28,0.1.1,2023-04-17T09:54:42.747+00:00,404,5,1,0,23,4.455739181651249,193
2025-08-28,0.1.1,2023-04-17T09:54:42.747+00:00,404,5,1,0,23,4.455739181651249,193
2025-08-29,0.1.1,2023-04-17T09:54:42.747+00:00,404,5,1,0,23,4.45567928422044,193
2025-08-29,0.1.1,2023-04-17T09:54:42.747+00:00,404,5,1,0,23,4.45567928422044,193
2025-08-30,0.1.1,2023-04-17T09:54:42.747+00:00,404,5,1,0,23,4.455571168502149,193
2025-08-30,0.1.1,2023-04-17T09:54:42.747+00:00,404,5,1,0,23,4.455571168502149,193
2025-08-31,0.1.1,2023-04-17T09:54:42.747+00:00,404,5,1,0,23,4.455629450722842,194
2025-08-31,0.1.1,2023-04-17T09:54:42.747+00:00,404,5,1,0,23,4.455629450722842,194
2025-09-01,0.1.1,2023-04-17T09:54:42.747+00:00,404,5,1,0,23,4.455486370554864,196
2025-09-01,0.1.1,2023-04-17T09:54:42.747+00:00,404,5,1,0,23,4.455486370554864,196
2025-09-02,0.1.1,2023-04-17T09:54:42.747+00:00,404,5,1,0,23,4.455414937759336,198
2025-09-02,0.1.1,2023-04-17T09:54:42.747+00:00,404,5,1,0,23,4.455414937759336,198
2025-09-03,0.1.1,2023-04-17T09:54:42.747+00:00,404,5,1,0,23,4.455591809647583,200
2025-09-03,0.1.1,2023-04-17T09:54:42.747+00:00,404,5,1,0,23,4.455591809647583,200
2025-09-04,0.1.1,2023-04-17T09:54:42.747+00:00,406,5,1,0,23,4.455590798211608,201
2025-09-04,0.1.1,2023-04-17T09:54:42.747+00:00,406,5,1,0,23,4.455590798211608,201
2025-09-05,0.1.1,2023-04-17T09:54:42.747+00:00,406,5,1,0,23,4.455567758736211,202
2025-09-05,0.1.1,2023-04-17T09:54:42.747+00:00,406,5,1,0,23,4.455567758736211,202
2025-09-06,0.1.1,2023-04-17T09:54:42.747+00:00,406,5,1,0,23,4.455665960047231,203
2025-09-06,0.1.1,2023-04-17T09:54:42.747+00:00,406,5,1,0,23,4.455665960047231,203
2025-09-07,0.1.1,2023-04-17T09:54:42.747+00:00,406,5,18,0,23,4.455663783403171,204
2025-09-07,0.1.1,2023-04-17T09:54:42.747+00:00,406,5,1,0,23,4.455663783403171,204
2025-09-08,0.1.1,2023-04-17T09:54:42.747+00:00,406,5,1,0,23,4.455598269067519,205
2025-09-08,0.1.1,2023-04-17T09:54:42.747+00:00,406,5,1,0,23,4.455598269067519,205
2025-09-09,0.1.1,2023-04-17T09:54:42.747+00:00,406,5,1,0,23,4.455695067264574,206
2025-09-09,0.1.1,2023-04-17T09:54:42.747+00:00,406,5,1,0,23,4.455695067264574,206
2025-09-10,0.1.1,2023-04-17T09:54:42.747+00:00,406,5,1,0,23,4.455711478122953,207
2025-09-10,0.1.1,2023-04-17T09:54:42.747+00:00,406,5,1,0,23,4.455711478122953,207
2025-09-11,0.1.1,2023-04-17T09:54:42.747+00:00,406,4.75,4,0,23,4.455640797645389,209
2025-09-11,0.1.1,2023-04-17T09:54:42.747+00:00,406,4.75,4,0,23,4.455640797645389,209
2025-09-12,0.1.1,2023-04-17T09:54:42.747+00:00,406,5,1,0,23,4.455289312551226,212
2025-09-12,0.1.1,2023-04-17T09:54:42.747+00:00,406,5,1,0,23,4.455289312551226,212
2025-09-13,0.1.1,2023-04-17T09:54:42.747+00:00,406,5,1,0,23,4.4552288639070365,213
2025-09-13,0.1.1,2023-04-17T09:54:42.747+00:00,406,5,1,0,23,4.4552288639070365,213
2025-09-14,0.1.1,2023-04-17T09:54:42.747+00:00,406,5,1,0,23,4.454242928452579,214
2025-09-14,0.1.1,2023-04-17T09:54:42.747+00:00,406,5,1,0,23,4.454242928452579,214
2025-09-15,0.1.1,2023-04-17T09:54:42.747+00:00,406,5,1,0,23,4.4551271466314395,214
2025-09-15,0.1.1,2023-04-17T09:54:42.747+00:00,406,5,1,0,23,4.4551271466314395,214
2025-09-16,0.1.1,2023-04-17T09:54:42.747+00:00,406,5,1,0,23,4.455069314556057,215
2025-09-16,0.1.1,2023-04-17T09:54:42.747+00:00,406,5,1,0,23,4.455069314556057,215
2025-09-17,0.1.1,2023-04-17T09:54:42.747+00:00,406,5,1,0,23,4.455058458027755,215
2025-09-17,0.1.1,2023-04-17T09:54:42.747+00:00,406,5,1,0,23,4.455058458027755,215
2025-09-18,0.1.1,2023-04-17T09:54:42.747+00:00,406,5,1,0,23,4.455029508557138,215
2025-09-18,0.1.1,2023-04-17T09:54:42.747+00:00,406,5,1,0,23,4.455029508557138,215
2025-09-19,0.1.1,2023-04-17T09:54:42.747+00:00,406,5,1,0,23,4.454980014010797,215
2025-09-19,0.1.1,2023-04-17T09:54:42.747+00:00,406,5,5,0,23,4.454980014010797,215
2025-09-20,0.1.1,2023-04-17T09:54:42.747+00:00,406,5,1,0,23,4.454992378572115,215
2025-09-20,0.1.1,2023-04-17T09:54:42.747+00:00,406,5,5,0,23,4.454992378572115,215
2025-09-21,0.1.1,2023-04-17T09:54:42.747+00:00,406,5,1,0,23,4.45512516903139,215
2025-09-21,0.1.1,2023-04-17T09:54:42.747+00:00,406,5,5,0,23,4.45512516903139,215
2025-09-22,0.1.1,2023-04-17T09:54:42.747+00:00,406,5,1,0,23,4.455145625737736,215
2025-09-22,0.1.1,2023-04-17T09:54:42.747+00:00,406,5,5,0,23,4.455145625737736,215
2025-09-23,0.1.1,2023-04-17T09:54:42.747+00:00,406,5,1,0,23,4.455230280535412,215
2025-09-23,0.1.1,2023-04-17T09:54:42.747+00:00,406,5,5,0,23,4.455230280535412,215
2025-09-24,0.1.1,2023-04-17T09:54:42.747+00:00,406,5,1,0,23,4.455210012000686,215
2025-09-24,0.1.1,2023-04-17T09:54:42.747+00:00,406,5,1,0,23,4.455210012000686,215
2025-09-25,0.1.1,2023-04-17T09:54:42.747+00:00,406,5,1,0,23,4.454936769594571,215
2025-09-25,0.1.1,2023-04-17T09:54:42.747+00:00,406,5,1,0,23,4.454936769594571,215
2025-09-26,0.1.1,2023-04-17T09:54:42.747+00:00,406,5,1,0,23,4.454640743176586,215
2025-09-26,0.1.1,2023-04-17T09:54:42.747+00:00,406,5,1,0,23,4.454640743176586,215
2025-09-27,0.1.1,2023-04-17T09:54:42.747+00:00,406,5,1,0,23,4.454490673532554,215
2025-09-27,0.1.1,2023-04-17T09:54:42.747+00:00,406,5,1,0,23,4.454490673532554,215
2025-09-28,0.1.1,2023-04-17T09:54:42.747+00:00,406,5,1,0,23,4.454505004038827,215
2025-09-28,0.1.1,2023-04-17T09:54:42.747+00:00,406,5,1,0,23,4.454505004038827,215
2025-09-29,0.1.1,2023-04-17T09:54:42.747+00:00,406,5,1,0,23,4.454455235474885,215
2025-09-29,0.1.1,2023-04-17T09:54:42.747+00:00,406,5,1,0,23,4.454455235474885,215
2025-09-30,0.1.1,2023-04-17T09:54:42.747+00:00,407,5,1,0,23,4.45433647813802,215
2025-09-30,0.1.1,2023-04-17T09:54:42.747+00:00,407,5,1,0,23,4.45433647813802,215
2025-10-01,0.1.1,2023-04-17T09:54:42.747+00:00,407,5,1,0,23,4.453834319122021,215
2025-10-01,0.1.1,2023-04-17T09:54:42.747+00:00,407,5,1,0,23,4.453834319122021,215
2025-10-02,0.1.1,2023-04-17T09:54:42.747+00:00,407,5,1,0,23,4.453612193288223,215
2025-10-02,0.1.1,2023-04-17T09:54:42.747+00:00,407,5,1,0,23,4.453612193288223,215
2025-10-03,0.1.1,2023-04-17T09:54:42.747+00:00,407,5,1,0,23,4.453395995710177,215
2025-10-03,0.1.1,2023-04-17T09:54:42.747+00:00,407,5,1,0,23,4.453395995710177,215
2025-10-04,0.1.1,2023-04-17T09:54:42.747+00:00,407,5,1,0,23,4.453127773757015,215
2025-10-04,0.1.1,2023-04-17T09:54:42.747+00:00,407,5,1,0,23,4.453127773757015,215
2025-10-05,0.1.1,2023-04-17T09:54:42.747+00:00,407,5,1,0,23,4.453018462273487,215
2025-10-05,0.1.1,2023-04-17T09:54:42.747+00:00,407,5,1,0,23,4.453018462273487,215
2025-10-06,0.1.1,2023-04-17T09:54:42.747+00:00,407,5,1,0,23,4.453004633009682,215
2025-10-06,0.1.1,2023-04-17T09:54:42.747+00:00,407,5,1,0,23,4.453004633009682,215
2025-10-07,0.1.1,2023-04-17T09:54:42.747+00:00,407,5,1,0,23,4.452742290824017,215
2025-10-07,0.1.1,2023-04-17T09:54:42.747+00:00,407,5,1,0,23,4.452742290824017,215
2025-10-08,0.1.1,2023-04-17T09:54:42.747+00:00,407,5,1,0,23,4.452590526968889,215
2025-10-08,0.1.1,2023-04-17T09:54:42.747+00:00,407,5,1,0,23,4.452590526968889,215
2025-10-09,0.1.1,2023-04-17T09:54:42.747+00:00,407,5,1,0,23,4.452556535488884,215
2025-10-09,0.1.1,2023-04-17T09:54:42.747+00:00,407,5,1,0,23,4.452556535488884,215
2025-10-10,0.1.1,2023-04-17T09:54:42.747+00:00,407,5,1,0,23,4.452215198495954,215
2025-10-10,0.1.1,2023-04-17T09:54:42.747+00:00,407,5,1,0,23,4.452215198495954,215
2025-10-11,0.1.1,2023-04-17T09:54:42.747+00:00,407,5,1,0,23,4.452094340650362,215
2025-10-11,0.1.1,2023-04-17T09:54:42.747+00:00,407,5,1,0,23,4.452094340650362,215
2025-10-12,0.1.1,2023-04-17T09:54:42.747+00:00,407,5,1,0,23,4.451992513187,215
2025-10-12,0.1.1,2023-04-17T09:54:42.747+00:00,407,5,1,0,23,4.451992513187,215
2025-10-13,0.1.1,2023-04-17T09:54:42.747+00:00,407,5,10,0,23,4.452025064123061,216
2025-10-13,0.1.1,2023-04-17T09:54:42.747+00:00,407,5,1,0,23,4.452025064123061,216
2025-10-14,0.1.1,2023-04-17T09:54:42.747+00:00,408,5,1,0,23,4.451773300501993,216
2025-10-14,0.1.1,2023-04-17T09:54:42.747+00:00,408,5,1,0,23,4.451773300501993,216
2025-10-15,0.1.1,2023-04-17T09:54:42.747+00:00,408,5,1,0,23,4.45156575064928,216
2025-10-15,0.1.1,2023-04-17T09:54:42.747+00:00,408,5,1,0,23,4.45156575064928,216
2025-10-16,0.1.1,2023-04-17T09:54:42.747+00:00,408,5,1,0,23,4.45193431748362,216
2025-10-16,0.1.1,2023-04-17T09:54:42.747+00:00,408,5,1,0,23,4.45193431748362,216
2025-10-17,0.1.1,2023-04-17T09:54:42.747+00:00,408,5,1,0,23,4.451965080335609,216
2025-10-17,0.1.1,2023-04-17T09:54:42.747+00:00,408,5,1,0,23,4.451965080335609,216
2025-10-18,0.1.1,2023-04-17T09:54:42.747+00:00,408,5,1,0,23,4.451933851743693,216
2025-10-18,0.1.1,2023-04-17T09:54:42.747+00:00,408,5,1,0,23,4.451933851743693,216
2025-10-19,0.1.1,2023-04-17T09:54:42.747+00:00,408,5,1,0,23,4.4519173320297645,216
2025-10-19,0.1.1,2023-04-17T09:54:42.747+00:00,408,5,1,0,23,4.4519173320297645,216
2025-10-20,0.1.1,2023-04-17T09:54:42.747+00:00,408,5,1,0,23,4.451861857377517,216
2025-10-20,0.1.1,2023-04-17T09:54:42.747+00:00,408,5,1,0,23,4.451861857377517,216
2025-10-21,0.1.1,2023-04-17T09:54:42.747+00:00,408,5,1,0,23,4.451753850329059,216
2025-10-21,0.1.1,2023-04-17T09:54:42.747+00:00,408,5,1,0,23,4.451753850329059,216
2025-10-22,0.1.1,2023-04-17T09:54:42.747+00:00,408,5,1,0,23,4.451679632129026,216
2025-10-22,0.1.1,2023-04-17T09:54:42.747+00:00,408,5,1,0,23,4.451679632129026,216
2025-10-23,0.1.1,2023-04-17T09:54:42.747+00:00,408,5,1,0,23,4.451660576642781,216
2025-10-23,0.1.1,2023-04-17T09:54:42.747+00:00,408,5,2,0,23,4.451660576642781,216
2025-10-24,0.1.1,2023-04-17T09:54:42.747+00:00,408,5,1,0,23,4.451802207780767,216
2025-10-24,0.1.1,2023-04-17T09:54:42.747+00:00,408,5,2,0,23,4.451802207780767,216
2025-10-25,0.1.1,2023-04-17T09:54:42.747+00:00,408,5,1,0,23,4.451867456006069,216
2025-10-25,0.1.1,2023-04-17T09:54:42.747+00:00,408,5,2,0,23,4.451867456006069,216
2025-10-26,0.1.1,2023-04-17T09:54:42.747+00:00,408,5,1,0,23,4.451797031580088,216
2025-10-26,0.1.1,2023-04-17T09:54:42.747+00:00,408,5,2,0,23,4.451797031580088,216
2025-10-27,0.1.1,2023-04-17T09:54:42.747+00:00,409,5,2,0,23,4.451741320478796,216
2025-10-27,0.1.1,2023-04-17T09:54:42.747+00:00,409,5,2,0,23,4.451741320478796,216
2025-10-28,0.1.1,2023-04-17T09:54:42.747+00:00,409,5,2,0,23,4.451830593140606,216
2025-10-28,0.1.1,2023-04-17T09:54:42.747+00:00,409,5,1,0,23,4.451830593140606,216
2025-10-29,0.1.1,2023-04-17T09:54:42.747+00:00,409,5,7,0,23,4.451957560256046,216
2025-10-29,0.1.1,2023-04-17T09:54:42.747+00:00,409,5,1,0,23,4.451957560256046,216
2025-10-30,0.1.1,2023-04-17T09:54:42.747+00:00,409,5,7,0,23,4.452030056880821,216
2025-10-30,0.1.1,2023-04-17T09:54:42.747+00:00,409,5,1,0,23,4.452030056880821,216
2025-10-31,0.1.1,2023-04-17T09:54:42.747+00:00,410,5,7,0,23,4.4519871019205155,216
2025-10-31,0.1.1,2023-04-17T09:54:42.747+00:00,410,5,1,0,23,4.4519871019205155,216
2025-11-01,0.1.1,2023-04-17T09:54:42.747+00:00,410,5,7,0,23,4.452216515745371,216
2025-11-01,0.1.1,2023-04-17T09:54:42.747+00:00,410,5,1,0,23,4.452216515745371,216
2025-11-02,0.1.1,2023-04-17T09:54:42.747+00:00,410,5,1,0,23,4.452313720191853,216
2025-11-02,0.1.1,2023-04-17T09:54:42.747+00:00,410,5,1,0,23,4.452313720191853,216
2025-11-03,0.1.1,2023-04-17T09:54:42.747+00:00,410,5,1,0,23,4.452373395282248,216
2025-11-03,0.1.1,2023-04-17T09:54:42.747+00:00,410,5,1,0,23,4.452373395282248,216
2025-11-04,0.1.1,2023-04-17T09:54:42.747+00:00,410,5,1,0,23,4.45255085163407,216
2025-11-04,0.1.1,2023-04-17T09:54:42.747+00:00,410,5,1,0,23,4.45255085163407,216
2025-11-05,0.1.1,2023-04-17T09:54:42.747+00:00,410,5,4,0,23,4.452682228925826,216
2025-11-05,0.1.1,2023-04-17T09:54:42.747+00:00,410,5,4,0,23,4.452682228925826,216
2025-11-06,0.1.1,2023-04-17T09:54:42.747+00:00,410,4,1,0,23,4.452693358518569,216
2025-11-06,0.1.1,2023-04-17T09:54:42.747+00:00,410,5,1,0,23,4.452693358518569,216
2025-11-07,0.1.1,2023-04-17T09:54:42.747+00:00,412,5,1,0,23,4.4527261203188,216
2025-11-07,0.1.1,2023-04-17T09:54:42.747+00:00,412,5,1,0,23,4.4527261203188,216
2025-11-08,0.1.1,2023-04-17T09:54:42.747+00:00,412,5,1,0,23,4.4526568387562095,216
2025-11-08,0.1.1,2023-04-17T09:54:42.747+00:00,412,5,1,0,23,4.4526568387562095,216
2025-11-09,0.1.1,2023-04-17T09:54:42.747+00:00,412,5,1,0,23,4.452615050778012,216
2025-11-09,0.1.1,2023-04-17T09:54:42.747+00:00,412,5,1,0,23,4.452615050778012,216
2025-11-10,0.1.1,2023-04-17T09:54:42.747+00:00,412,4,1,0,23,4.452681218000539,216
2025-11-10,0.1.1,2023-04-17T09:54:42.747+00:00,412,5,1,0,23,4.452681218000539,216
2025-11-11,0.1.1,2023-04-17T09:54:42.747+00:00,413,4,1,0,23,4.452686231464397,216
2025-11-11,0.1.1,2023-04-17T09:54:42.747+00:00,413,5,1,0,23,4.452686231464397,216
2025-11-12,0.1.1,2023-04-17T09:54:42.747+00:00,413,5,1,0,23,4.452745226059623,216
2025-11-12,0.1.1,2023-04-17T09:54:42.747+00:00,413,5,1,0,23,4.452745226059623,216
2025-11-13,0.1.1,2023-04-17T09:54:42.747+00:00,413,5,1,0,23,4.4527066581435255,216
2025-11-13,0.1.1,2023-04-17T09:54:42.747+00:00,413,5,1,0,23,4.4527066581435255,216
2025-11-14,0.1.1,2023-04-17T09:54:42.747+00:00,413,5,1,0,23,4.4527331059948745,216
2025-11-14,0.1.1,2023-04-17T09:54:42.747+00:00,413,5,1,0,23,4.4527331059948745,216
2025-11-15,0.1.1,2023-04-17T09:54:42.747+00:00,413,5,1,0,23,4.4528230848875205,216
2025-11-15,0.1.1,2023-04-17T09:54:42.747+00:00,413,5,1,0,23,4.4528230848875205,216
2025-11-16,0.1.1,2023-04-17T09:54:42.747+00:00,413,5,1,0,23,4.452704383069964,216
2025-11-16,0.1.1,2023-04-17T09:54:42.747+00:00,413,5,1,0,23,4.452704383069964,216
2025-11-17,0.1.1,2023-04-17T09:54:42.747+00:00,413,5,1,0,23,4.452675505500191,216
2025-11-17,0.1.1,2023-04-17T09:54:42.747+00:00,413,5,1,0,23,4.452675505500191,216
2025-11-18,0.1.1,2023-04-17T09:54:42.747+00:00,413,5,1,0,23,4.452735148930454,216
2025-11-18,0.1.1,2023-04-17T09:54:42.747+00:00,413,5,1,0,23,4.452735148930454,216
2025-11-19,0.1.1,2023-04-17T09:54:42.747+00:00,413,5,1,0,23,4.452614971466935,216
2025-11-19,0.1.1,2023-04-17T09:54:42.747+00:00,413,5,1,0,23,4.452614971466935,216
2025-11-20,0.1.1,2023-04-17T09:54:42.747+00:00,413,5,1,0,23,4.452407795136093,216
2025-11-20,0.1.1,2023-04-17T09:54:42.747+00:00,413,5,1,0,23,4.452407795136093,216
2025-11-21,0.1.1,2023-04-17T09:54:42.747+00:00,413,5,1,0,23,4.452305566363014,216
2025-11-21,0.1.1,2023-04-17T09:54:42.747+00:00,413,5,1,0,23,4.452305566363014,216
2025-11-22,0.1.1,2023-04-17T09:54:42.747+00:00,413,5,2,0,23,4.452153623343882,216
2025-11-22,0.1.1,2023-04-17T09:54:42.747+00:00,413,5,1,0,23,4.452153623343882,216
2025-11-23,0.1.1,2023-04-17T09:54:42.747+00:00,413,5,2,0,23,4.452067832964676,216
2025-11-23,0.1.1,2023-04-17T09:54:42.747+00:00,413,5,1,0,23,4.452067832964676,216
2025-11-24,0.1.1,2023-04-17T09:54:42.747+00:00,413,5,2,0,23,4.452156957343304,216
2025-11-24,0.1.1,2023-04-17T09:54:42.747+00:00,413,5,1,0,23,4.452156957343304,216
2025-11-25,0.1.1,2023-04-17T09:54:42.747+00:00,413,5,2,0,23,4.452130580970114,216
2025-11-25,0.1.1,2023-04-17T09:54:42.747+00:00,413,5,1,0,23,4.452130580970114,216
2025-11-26,0.1.1,2023-04-17T09:54:42.747+00:00,413,5,2,0,23,4.452286155925671,216
2025-11-26,0.1.1,2023-04-17T09:54:42.747+00:00,413,5,1,0,23,4.452286155925671,216
2025-11-27,0.1.1,2023-04-17T09:54:42.747+00:00,413,5,2,0,23,4.45223875606086,216
2025-11-27,0.1.1,2023-04-17T09:54:42.747+00:00,413,4.666666507720947,3,0,23,4.45223875606086,216
2025-11-28,0.1.1,2023-04-17T09:54:42.747+00:00,413,5,1,0,23,4.452517961570593,216
2025-11-28,0.1.1,2023-04-17T09:54:42.747+00:00,413,4.666666507720947,3,0,23,4.452517961570593,216
2025-11-29,0.1.1,2023-04-17T09:54:42.747+00:00,413,5,1,0,23,4.45259648724304,216
2025-11-29,0.1.1,2023-04-17T09:54:42.747+00:00,413,4.666666507720947,3,0,23,4.45259648724304,216
2025-11-30,0.1.1,2023-04-17T09:54:42.747+00:00,413,5,1,0,23,4.452511019099773,216
2025-11-30,0.1.1,2023-04-17T09:54:42.747+00:00,413,4.666666507720947,3,0,23,4.452511019099773,216
2025-12-01,0.1.1,2023-04-17T09:54:42.747+00:00,413,5,1,0,23,4.452530377887569,216
2025-12-01,0.1.1,2023-04-17T09:54:42.747+00:00,413,4.666666507720947,3,0,23,4.452530377887569,216
2025-12-02,0.1.1,2023-04-17T09:54:42.747+00:00,413,5,1,0,23,4.4525093432995195,216
2025-12-02,0.1.1,2023-04-17T09:54:42.747+00:00,413,4.666666507720947,3,0,23,4.4525093432995195,216
2025-12-03,0.1.1,2023-04-17T09:54:42.747+00:00,413,5,1,0,23,4.452543254672305,216
2025-12-03,0.1.1,2023-04-17T09:54:42.747+00:00,413,5,1,0,23,4.452543254672305,216
2025-12-04,0.1.1,2023-04-17T09:54:42.747+00:00,413,5,1,0,23,4.452436194895592,216
2025-12-04,0.1.1,2023-04-17T09:54:42.747+00:00,413,5,1,0,23,4.452436194895592,216
2025-12-05,0.1.1,2023-04-17T09:54:42.747+00:00,413,5,1,0,23,4.45268825085455,216
2025-12-05,0.1.1,2023-04-17T09:54:42.747+00:00,413,5,1,0,23,4.45268825085455,216
2025-12-06,0.1.1,2023-04-17T09:54:42.747+00:00,413,5,1,0,23,4.452994639944069,216
2025-12-06,0.1.1,2023-04-17T09:54:42.747+00:00,413,5,1,0,23,4.452994639944069,216
2025-12-07,0.1.1,2023-04-17T09:54:42.747+00:00,413,5,1,0,23,4.453056361651713,216
2025-12-07,0.1.1,2023-04-17T09:54:42.747+00:00,413,5,1,0,23,4.453056361651713,216
2025-12-08,0.1.1,2023-04-17T09:54:42.747+00:00,413,5,1,0,23,4.4530176113266045,217
2025-12-08,0.1.1,2023-04-17T09:54:42.747+00:00,413,5,1,0,23,4.4530176113266045,217
2025-12-09,0.1.1,2023-04-17T09:54:42.747+00:00,413,5,1,0,23,4.453158143215262,217
2025-12-09,0.1.1,2023-04-17T09:54:42.747+00:00,413,5,1,0,23,4.453158143215262,217
2025-12-10,0.1.1,2023-04-17T09:54:42.747+00:00,413,5,1,0,23,4.452813887338172,217
2025-12-10,0.1.1,2023-04-17T09:54:42.747+00:00,413,5,1,0,23,4.452813887338172,217
2025-12-11,0.1.1,2023-04-17T09:54:42.747+00:00,413,5,1,0,23,4.45188112236427,217
2025-12-11,0.1.1,2023-04-17T09:54:42.747+00:00,413,5,1,0,23,4.45188112236427,217
2025-12-12,0.1.1,2023-04-17T09:54:42.747+00:00,413,5,2,0,23,4.451613545552296,217
2025-12-12,0.1.1,2023-04-17T09:54:42.747+00:00,413,5,1,0,23,4.451613545552296,217
2025-12-13,0.1.1,2023-04-17T09:54:42.747+00:00,413,5,2,0,23,4.451220482886708,217
2025-12-13,0.1.1,2023-04-17T09:54:42.747+00:00,413,5,1,0,23,4.451220482886708,217
2025-12-14,0.1.1,2023-04-17T09:54:42.747+00:00,413,5,2,0,23,4.45116565881604,217
2025-12-14,0.1.1,2023-04-17T09:54:42.747+00:00,413,5,1,0,23,4.45116565881604,217
2025-12-15,0.1.1,2023-04-17T09:54:42.747+00:00,414,5,2,0,23,4.451181598223459,217
2025-12-15,0.1.1,2023-04-17T09:54:42.747+00:00,414,5,1,0,23,4.451181598223459,217
2025-12-16,0.1.1,2023-04-17T09:54:42.747+00:00,414,5,1,0,23,4.45108432776979,217
2025-12-16,0.1.1,2023-04-17T09:54:42.747+00:00,414,5,1,0,23,4.45108432776979,217
2025-12-17,0.1.1,2023-04-17T09:54:42.747+00:00,414,5,1,0,23,4.451159187079087,217
2025-12-17,0.1.1,2023-04-17T09:54:42.747+00:00,414,5,1,0,23,4.451159187079087,217
2025-12-18,0.1.1,2023-04-17T09:54:42.747+00:00,414,5,1,0,23,4.450978315549789,217
2025-12-18,0.1.1,2023-04-17T09:54:42.747+00:00,414,5,1,0,23,4.450978315549789,217
2025-12-19,0.1.1,2023-04-17T09:54:42.747+00:00,414,5,1,0,23,4.4510051664031645,217
2025-12-19,0.1.1,2023-04-17T09:54:42.747+00:00,414,5,1,0,23,4.4510051664031645,217
2025-12-20,0.1.1,2023-04-17T09:54:42.747+00:00,414,5,1,0,23,4.451083470544281,217
2025-12-20,0.1.1,2023-04-17T09:54:42.747+00:00,414,5,1,0,23,4.451083470544281,217
2025-12-21,0.1.1,2023-04-17T09:54:42.747+00:00,415,5,1,0,23,4.4510405373244835,217
2025-12-21,0.1.1,2023-04-17T09:54:42.747+00:00,415,5,1,0,23,4.4510405373244835,217
2025-12-22,0.1.1,2023-04-17T09:54:42.747+00:00,415,5,1,0,23,4.451028730428345,217
2025-12-22,0.1.1,2023-04-17T09:54:42.747+00:00,415,5,1,0,23,4.451028730428345,217
2025-12-23,0.1.1,2023-04-17T09:54:42.747+00:00,415,5,1,0,23,4.4510223631618935,217
2025-12-23,0.1.1,2023-04-17T09:54:42.747+00:00,415,5,1,0,23,4.4510223631618935,217
2025-12-24,0.1.1,2023-04-17T09:54:42.747+00:00,415,5,1,0,23,4.451174493320214,218
2025-12-24,0.1.1,2023-04-17T09:54:42.747+00:00,415,5,1,0,23,4.451174493320214,218
2025-12-25,0.1.1,2023-04-17T09:54:42.747+00:00,415,5,1,0,23,4.451266850631775,219
2025-12-25,0.1.1,2023-04-17T09:54:42.747+00:00,415,5,1,0,23,4.451266850631775,219
2025-12-26,0.1.1,2023-04-17T09:54:42.747+00:00,415,5,1,0,23,4.451345304797165,220
2025-12-26,0.1.1,2023-04-17T09:54:42.747+00:00,415,5,1,0,23,4.451345304797165,220
2025-12-27,0.1.1,2023-04-17T09:54:42.747+00:00,415,5,1,0,23,4.45128002111375,220
2025-12-27,0.1.1,2023-04-17T09:54:42.747+00:00,415,5,1,0,23,4.45128002111375,220
2025-12-28,0.1.1,2023-04-17T09:54:42.747+00:00,415,5,1,0,23,4.451149690645489,220
2025-12-28,0.1.1,2023-04-17T09:54:42.747+00:00,415,5,1,0,23,4.451149690645489,220
2025-12-29,0.1.1,2023-04-17T09:54:42.747+00:00,415,5,1,0,23,4.451195790500933,220
2025-12-29,0.1.1,2023-04-17T09:54:42.747+00:00,415,5,1,0,23,4.451195790500933,220
2025-12-30,0.1.1,2023-04-17T09:54:42.747+00:00,415,5,1,0,23,4.451020461976585,220
2025-12-30,0.1.1,2023-04-17T09:54:42.747+00:00,415,5,1,0,23,4.451020461976585,220
2025-12-31,0.1.1,2023-04-17T09:54:42.747+00:00,415,5,1,0,23,4.450981167384915,220
2025-12-31,0.1.1,2023-04-17T09:54:42.747+00:00,415,5,1,0,23,4.450981167384915,220
2026-01-01,0.1.1,2023-04-17T09:54:42.747+00:00,415,4.333333492279053,6,0,23,4.451067445705515,221
2026-01-01,0.1.1,2023-04-17T09:54:42.747+00:00,415,5,1,0,23,4.451067445705515,221
2026-01-02,0.1.1,2023-04-17T09:54:42.747+00:00,415,4.333333492279053,6,0,23,4.448254770032162,221
2026-01-02,0.1.1,2023-04-17T09:54:42.747+00:00,415,5,1,0,23,4.448254770032162,221
2026-01-03,0.1.1,2023-04-17T09:54:42.747+00:00,415,5,1,0,23,4.451049848892868,221
2026-01-03,0.1.1,2023-04-17T09:54:42.747+00:00,415,5,1,0,23,4.451049848892868,221
2026-01-04,0.1.1,2023-04-17T09:54:42.747+00:00,415,5,1,0,23,4.451136131821562,221
2026-01-04,0.1.1,2023-04-17T09:54:42.747+00:00,415,5,1,0,23,4.451136131821562,221
2026-01-05,0.1.1,2023-04-17T09:54:42.747+00:00,415,5,1,0,23,4.4511825268905625,221
2026-01-05,0.1.1,2023-04-17T09:54:42.747+00:00,415,5,1,0,23,4.4511825268905625,221
2026-01-06,0.1.1,2023-04-17T09:54:42.747+00:00,415,5,1,0,23,4.451311489423261,221
2026-01-06,0.1.1,2023-04-17T09:54:42.747+00:00,415,5,1,0,23,4.451311489423261,221
2026-01-07,0.1.1,2023-04-17T09:54:42.747+00:00,415,5,1,0,23,4.451392631343735,221
2026-01-07,0.1.1,2023-04-17T09:54:42.747+00:00,415,5,1,0,23,4.451392631343735,221
2026-01-08,0.1.1,2023-04-17T09:54:42.747+00:00,415,5,1,0,23,4.451477513809614,221
2026-01-08,0.1.1,2023-04-17T09:54:42.747+00:00,415,5,1,0,23,4.451477513809614,221
2026-01-09,0.1.1,2023-04-17T09:54:42.747+00:00,415,5,1,0,23,4.452780998421339,221
2026-01-09,0.1.1,2023-04-17T09:54:42.747+00:00,415,5,1,0,23,4.452780998421339,221
2026-01-10,0.1.1,2023-04-17T09:54:42.747+00:00,415,5,3,0,23,4.45273631840796,221
2026-01-10,0.1.1,2023-04-17T09:54:42.747+00:00,415,5,1,0,23,4.45273631840796,221
2026-01-11,0.1.1,2023-04-17T09:54:42.747+00:00,415,5,1,0,23,4.452653002460604,221
2026-01-11,0.1.1,2023-04-17T09:54:42.747+00:00,415,5,1,0,23,4.452653002460604,221
2026-01-12,0.1.1,2023-04-17T09:54:42.747+00:00,416,5,1,0,23,4.4526760010468465,221
2026-01-12,0.1.1,2023-04-17T09:54:42.747+00:00,416,5,1,0,23,4.4526760010468465,221
2026-01-13,0.1.1,2023-04-17T09:54:42.747+00:00,416,5,1,0,23,4.453989335601427,221
2026-01-13,0.1.1,2023-04-17T09:54:42.747+00:00,416,5,1,0,23,4.453989335601427,221
2026-01-14,0.1.1,2023-04-17T09:54:42.747+00:00,416,5,1,0,23,4.454015171331415,221
2026-01-14,0.1.1,2023-04-17T09:54:42.747+00:00,416,5,1,0,23,4.454015171331415,221
2026-01-15,0.1.1,2023-04-17T09:54:42.747+00:00,416,5,1,0,23,4.453958936613872,221
2026-01-15,0.1.1,2023-04-17T09:54:42.747+00:00,416,5,1,0,23,4.453958936613872,221
2026-01-16,0.1.1,2023-04-17T09:54:42.747+00:00,416,5,1,0,23,4.45398392457216,222
2026-01-16,0.1.1,2023-04-17T09:54:42.747+00:00,416,5,1,0,23,4.45398392457216,222
2026-01-17,0.1.1,2023-04-17T09:54:42.747+00:00,416,5,1,0,23,4.453894687340797,222
2026-01-17,0.1.1,2023-04-17T09:54:42.747+00:00,416,5,1,0,23,4.453894687340797,222
2026-01-18,0.1.1,2023-04-17T09:54:42.747+00:00,416,5,1,0,23,4.453978556410223,222
2026-01-18,0.1.1,2023-04-17T09:54:42.747+00:00,416,5,1,0,23,4.453978556410223,222
2026-01-19,0.1.1,2023-04-17T09:54:42.747+00:00,416,5,1,0,23,4.454029178497993,222
2026-01-19,0.1.1,2023-04-17T09:54:42.747+00:00,416,5,1,0,23,4.454029178497993,222
2026-01-20,0.1.1,2023-04-17T09:54:42.747+00:00,416,5,1,0,23,4.454223353234805,222
2026-01-20,0.1.1,2023-04-17T09:54:42.747+00:00,416,5,1,0,23,4.454223353234805,222
2026-01-21,0.1.1,2023-04-17T09:54:42.747+00:00,417,5,1,0,23,4.4541831369939855,222
2026-01-21,0.1.1,2023-04-17T09:54:42.747+00:00,417,5,1,0,23,4.4541831369939855,222
2026-01-22,0.1.1,2023-04-17T09:54:42.747+00:00,417,5,1,0,23,4.454274574237801,222
2026-01-22,0.1.1,2023-04-17T09:54:42.747+00:00,417,5,1,0,23,4.454274574237801,222
2026-01-23,0.1.1,2023-04-17T09:54:42.747+00:00,417,5,1,0,23,4.45426998142778,222
2026-01-23,0.1.1,2023-04-17T09:54:42.747+00:00,417,5,1,0,23,4.45426998142778,222
2026-01-24,0.1.1,2023-04-17T09:54:42.747+00:00,417,5,1,0,23,4.454209662288931,222
2026-01-24,0.1.1,2023-04-17T09:54:42.747+00:00,417,5,1,0,23,4.454209662288931,222
2026-01-25,0.1.1,2023-04-17T09:54:42.747+00:00,417,5,1,0,23,4.454241151378985,222
2026-01-25,0.1.1,2023-04-17T09:54:42.747+00:00,417,5,1,0,23,4.454241151378985,222
2026-01-26,0.1.1,2023-04-17T09:54:42.747+00:00,417,5,1,0,23,4.454343071395095,222
2026-01-26,0.1.1,2023-04-17T09:54:42.747+00:00,417,5,1,0,23,4.454343071395095,222
2026-01-27,0.1.1,2023-04-17T09:54:42.747+00:00,418,5,1,0,23,4.454500504212615,222
2026-01-27,0.1.1,2023-04-17T09:54:42.747+00:00,418,5,1,0,23,4.454500504212615,222
2026-01-28,0.1.1,2023-04-17T09:54:42.747+00:00,419,5,1,0,23,4.454693240563124,222
2026-01-28,0.1.1,2023-04-17T09:54:42.747+00:00,419,5,1,0,23,4.454693240563124,222
2026-01-29,0.1.1,2023-04-17T09:54:42.747+00:00,419,5,1,0,23,4.454734529666773,222
2026-01-29,0.1.1,2023-04-17T09:54:42.747+00:00,419,5,1,0,23,4.454734529666773,222
2026-01-30,0.1.1,2023-04-17T09:54:42.747+00:00,419,5,1,0,23,4.454742723492724,222
2026-01-30,0.1.1,2023-04-17T09:54:42.747+00:00,419,5,1,0,23,4.454742723492724,222
2026-01-31,0.1.1,2023-04-17T09:54:42.747+00:00,419,5,1,0,23,4.454827042085236,222
2026-01-31,0.1.1,2023-04-17T09:54:42.747+00:00,419,5,1,0,23,4.454827042085236,222
2026-02-01,0.1.1,2023-04-17T09:54:42.747+00:00,419,5,1,0,23,4.454765599132642,222
2026-02-01,0.1.1,2023-04-17T09:54:42.747+00:00,419,5,1,0,23,4.454765599132642,222
2026-02-02,0.1.1,2023-04-17T09:54:42.747+00:00,419,5,3,0,23,4.454886461720175,222
2026-02-02,0.1.1,2023-04-17T09:54:42.747+00:00,419,5,3,0,23,4.454886461720175,222
2026-02-03,0.1.1,2023-04-17T09:54:42.747+00:00,419,5,3,0,23,4.454922817486056,222
2026-02-03,0.1.1,2023-04-17T09:54:42.747+00:00,419,5,3,0,23,4.454922817486056,222
2026-02-04,0.1.1,2023-04-17T09:54:42.747+00:00,419,5,3,0,23,4.454871984387865,222
2026-02-04,0.1.1,2023-04-17T09:54:42.747+00:00,419,5,3,0,23,4.454871984387865,222
2026-02-05,0.1.1,2023-04-17T09:54:42.747+00:00,419,5,3,0,23,4.454881321216992,222
2026-02-05,0.1.1,2023-04-17T09:54:42.747+00:00,419,5,3,0,23,4.454881321216992,222
2026-02-06,0.1.1,2023-04-17T09:54:42.747+00:00,419,5,1,0,23,4.454830537575887,222
2026-02-06,0.1.1,2023-04-17T09:54:42.747+00:00,419,5,1,0,23,4.454830537575887,222
2026-02-07,0.1.1,2023-04-17T09:54:42.747+00:00,419,5,1,0,23,4.454788009092264,222
2026-02-07,0.1.1,2023-04-17T09:54:42.747+00:00,419,5,1,0,23,4.454788009092264,222
2026-02-08,0.1.1,2023-04-17T09:54:42.747+00:00,419,5,1,0,23,4.4547243712167806,222
2026-02-08,0.1.1,2023-04-17T09:54:42.747+00:00,419,5,1,0,23,4.4547243712167806,222
2026-02-09,0.1.1,2023-04-17T09:54:42.747+00:00,419,5,1,0,23,4.454633117177287,222
2026-02-09,0.1.1,2023-04-17T09:54:42.747+00:00,419,5,1,0,23,4.454633117177287,222
2026-02-10,0.1.1,2023-04-17T09:54:42.747+00:00,419,5,1,0,23,4.454747707312025,222
2026-02-10,0.1.1,2023-04-17T09:54:42.747+00:00,419,5,1,0,23,4.454747707312025,222
2026-02-11,0.1.1,2023-04-17T09:54:42.747+00:00,420,5,1,0,23,4.454681207294447,222
2026-02-11,0.1.1,2023-04-17T09:54:42.747+00:00,420,5,1,0,23,4.454681207294447,222
2026-02-12,0.1.1,2023-04-17T09:54:42.747+00:00,420,5,1,0,23,4.454739304337712,222
2026-02-12,0.1.1,2023-04-17T09:54:42.747+00:00,420,5,1,0,23,4.454739304337712,222
2026-02-13,0.1.1,2023-04-17T09:54:42.747+00:00,421,5,2,0,23,4.454665245615735,222
2026-02-13,0.1.1,2023-04-17T09:54:42.747+00:00,421,5,3,0,23,4.454665245615735,222
2026-02-14,0.1.1,2023-04-17T09:54:42.747+00:00,421,5,2,0,23,4.454664609146495,222
2026-02-14,0.1.1,2023-04-17T09:54:42.747+00:00,421,5,3,0,23,4.454664609146495,222
2026-02-15,0.1.1,2023-04-17T09:54:42.747+00:00,421,5,2,0,23,4.454718564420346,222
2026-02-15,0.1.1,2023-04-17T09:54:42.747+00:00,421,5,3,0,23,4.454718564420346,222
2026-02-16,0.1.1,2023-04-17T09:54:42.747+00:00,421,5,3,0,23,4.454732005730289,223
2026-02-16,0.1.1,2023-04-17T09:54:42.747+00:00,421,5,3,0,23,4.454732005730289,223
2026-02-17,0.1.1,2023-04-17T09:54:42.747+00:00,421,5,3,0,23,4.454779428365016,223
2026-02-17,0.1.1,2023-04-17T09:54:42.747+00:00,421,5,3,0,23,4.454779428365016,223
2026-02-18,0.1.1,2023-04-17T09:54:42.747+00:00,421,5,3,0,23,4.455594516231104,224
2026-02-18,0.1.1,2023-04-17T09:54:42.747+00:00,421,5,3,0,23,4.455594516231104,224
2026-02-19,0.1.1,2023-04-17T09:54:42.747+00:00,421,5,3,0,23,4.455499038200855,226
2026-02-19,0.1.1,2023-04-17T09:54:42.747+00:00,421,5,3,0,23,4.455499038200855,226
2026-02-20,0.1.1,2023-04-17T09:54:42.747+00:00,421,5,6,0,23,4.455393153292679,226
2026-02-20,0.1.1,2023-04-17T09:54:42.747+00:00,421,5,3,0,23,4.455393153292679,226
2026-02-21,0.1.1,2023-04-17T09:54:42.747+00:00,421,5,6,0,23,4.455349539366726,226
2026-02-21,0.1.1,2023-04-17T09:54:42.747+00:00,421,5,3,0,23,4.455349539366726,226
2026-02-22,0.1.1,2023-04-17T09:54:42.747+00:00,421,5,1,0,23,4.455457740801651,228
2026-02-22,0.1.1,2023-04-17T09:54:42.747+00:00,421,5,1,0,23,4.455457740801651,228
2026-02-23,0.1.1,2023-04-17T09:54:42.747+00:00,421,5,3,0,23,4.455322660717854,228
2026-02-23,0.1.1,2023-04-17T09:54:42.747+00:00,421,5,3,0,23,4.455322660717854,228
2026-02-24,0.1.1,2023-04-17T09:54:42.747+00:00,421,5,3,0,23,4.455393161401745,228
2026-02-24,0.1.1,2023-04-17T09:54:42.747+00:00,421,5,3,0,23,4.455393161401745,228
2026-02-25,0.1.1,2023-04-17T09:54:42.747+00:00,421,5,1,0,23,4.45553015423254,228
2026-02-25,0.1.1,2023-04-17T09:54:42.747+00:00,421,5,1,0,23,4.45553015423254,228
2026-02-26,0.1.1,2023-04-17T09:54:42.747+00:00,421,5,1,0,23,4.455524947222079,228
2026-02-26,0.1.1,2023-04-17T09:54:42.747+00:00,421,5,1,0,23,4.455524947222079,228
2026-02-27,0.1.1,2023-04-17T09:54:42.747+00:00,421,5,1,0,23,4.4555940839289505,228
2026-02-27,0.1.1,2023-04-17T09:54:42.747+00:00,421,5,1,0,23,4.4555940839289505,228
2026-02-28,0.1.1,2023-04-17T09:54:42.747+00:00,421,5,1,0,23,4.45566055930569,228
2026-02-28,0.1.1,2023-04-17T09:54:42.747+00:00,421,5,1,0,23,4.45566055930569,228
2026-03-01,0.1.1,2023-04-17T09:54:42.747+00:00,421,5,1,0,23,4.455835769589103,228
2026-03-01,0.1.1,2023-04-17T09:54:42.747+00:00,421,5,1,0,23,4.455835769589103,228
2026-03-02,0.1.1,2023-04-17T09:54:42.747+00:00,421,5,3,0,23,4.455847500626208,228
2026-03-02,0.1.1,2023-04-17T09:54:42.747+00:00,421,5,3,0,23,4.455847500626208,228
2026-03-03,0.1.1,2023-04-17T09:54:42.747+00:00,421,5,3,0,23,4.455920592219733,228
2026-03-03,0.1.1,2023-04-17T09:54:42.747+00:00,421,5,1,0,23,4.455920592219733,228
2026-03-04,0.1.1,2023-04-17T09:54:42.747+00:00,421,5,3,0,23,4.455632275369945,228
2026-03-04,0.1.1,2023-04-17T09:54:42.747+00:00,421,5,3,0,23,4.455632275369945,228
2026-03-05,0.1.1,2023-04-17T09:54:42.747+00:00,421,5,3,0,23,4.455583349368225,228
2026-03-05,0.1.1,2023-04-17T09:54:42.747+00:00,421,5,3,0,23,4.455583349368225,228
2026-03-06,0.1.1,2023-04-17T09:54:42.747+00:00,421,5,3,0,23,4.4556433003435725,228
2026-03-06,0.1.1,2023-04-17T09:54:42.747+00:00,421,5,3,0,23,4.4556433003435725,228
2026-03-07,0.1.1,2023-04-17T09:54:42.747+00:00,421,5,3,0,23,4.4555930639985135,228
2026-03-07,0.1.1,2023-04-17T09:54:42.747+00:00,421,5,13,0,23,4.4555930639985135,228
2026-03-08,0.1.1,2023-04-17T09:54:42.747+00:00,421,5,3,0,23,4.455549010065825,228
2026-03-08,0.1.1,2023-04-17T09:54:42.747+00:00,421,5,3,0,23,4.455549010065825,228
2026-03-09,0.1.1,2023-04-17T09:54:42.747+00:00,421,5,3,0,23,4.455625883994342,228
2026-03-09,0.1.1,2023-04-17T09:54:42.747+00:00,421,5,3,0,23,4.455625883994342,228
2026-03-10,0.1.1,2023-04-17T09:54:42.747+00:00,421,5,3,0,23,4.455726968045642,228
2026-03-10,0.1.1,2023-04-17T09:54:42.747+00:00,421,5,3,0,23,4.455726968045642,228
2026-03-11,0.1.1,2023-04-17T09:54:42.747+00:00,421,5,3,0,23,4.455776484879483,228
2026-03-11,0.1.1,2023-04-17T09:54:42.747+00:00,421,5,3,0,23,4.455776484879483,228
2026-03-12,0.1.1,2023-04-17T09:54:42.747+00:00,421,5,3,0,23,4.455784529857184,229
2026-03-12,0.1.1,2023-04-17T09:54:42.747+00:00,421,5,1,0,23,4.455784529857184,229
2026-03-13,0.1.1,2023-04-17T09:54:42.747+00:00,421,5,1,0,23,4.455678254593763,230
2026-03-13,0.1.1,2023-04-17T09:54:42.747+00:00,421,5,1,0,23,4.455678254593763,230
2026-03-14,0.1.1,2023-04-17T09:54:42.747+00:00,421,5,1,0,23,4.4554164725107075,231
2026-03-14,0.1.1,2023-04-17T09:54:42.747+00:00,421,5,1,0,23,4.4554164725107075,231
2026-03-15,0.1.1,2023-04-17T09:54:42.747+00:00,421,5,1,0,23,4.455323927844458,232
2026-03-15,0.1.1,2023-04-17T09:54:42.747+00:00,421,5,1,0,23,4.455323927844458,232
2026-03-16,0.1.1,2023-04-17T09:54:42.747+00:00,421,5,1,0,23,4.455348599859667,233
2026-03-16,0.1.1,2023-04-17T09:54:42.747+00:00,421,5,1,0,23,4.455348599859667,233
2026-03-17,0.1.1,2023-04-17T09:54:42.747+00:00,421,5,1,0,23,4.455384124960153,233
2026-03-17,0.1.1,2023-04-17T09:54:42.747+00:00,421,5,1,0,23,4.455384124960153,233
2026-03-18,0.1.1,2023-04-17T09:54:42.747+00:00,421,5,1,0,23,4.455440434317174,233
2026-03-18,0.1.1,2023-04-17T09:54:42.747+00:00,421,5,1,0,23,4.455440434317174,233
2026-03-19,0.1.1,2023-04-17T09:54:42.747+00:00,421,5,1,0,23,4.45532939318286,234
2026-03-19,0.1.1,2023-04-17T09:54:42.747+00:00,421,5,1,0,23,4.45532939318286,234
2026-03-20,0.1.1,2023-04-17T09:54:42.747+00:00,422,5,1,0,23,4.455435398354009,234
2026-03-20,0.1.1,2023-04-17T09:54:42.747+00:00,422,5,1,0,23,4.455435398354009,234
2026-03-21,0.1.1,2023-04-17T09:54:42.747+00:00,422,5,1,0,23,4.455335666560611,234
2026-03-21,0.1.1,2023-04-17T09:54:42.747+00:00,422,5,1,0,23,4.455335666560611,234
2026-03-22,0.1.1,2023-04-17T09:54:42.747+00:00,422,5,1,0,23,4.455252175683241,234
2026-03-22,0.1.1,2023-04-17T09:54:42.747+00:00,422,5,1,0,23,4.455252175683241,234
2026-03-23,0.1.1,2023-04-17T09:54:42.747+00:00,422,5,1,0,23,4.455299287154149,234
2026-03-23,0.1.1,2023-04-17T09:54:42.747+00:00,422,5,1,0,23,4.455299287154149,234
2026-03-24,0.1.1,2023-04-17T09:54:42.747+00:00,422,5,1,0,23,4.455385065215733,234
2026-03-24,0.1.1,2023-04-17T09:54:42.747+00:00,422,5,1,0,23,4.455385065215733,234
2026-03-27,0.1.1,2023-04-17T09:54:42.747+00:00,422,5,1,0,23,4.4554204178483285,234
2026-03-27,0.1.1,2023-04-17T09:54:42.747+00:00,422,5,1,0,23,4.4554204178483285,234
2026-03-28,0.1.1,2023-04-17T09:54:42.747+00:00,422,5,1,0,23,4.455362579924896,234
2026-03-28,0.1.1,2023-04-17T09:54:42.747+00:00,422,5,1,0,23,4.455362579924896,234
2026-03-29,0.1.1,2023-04-17T09:54:42.747+00:00,422,5,1,0,23,4.4553012048192775,234
2026-03-29,0.1.1,2023-04-17T09:54:42.747+00:00,422,5,1,0,23,4.4553012048192775,234
2026-03-30,0.1.1,2023-04-17T09:54:42.747+00:00,422,5,1,0,23,4.455505909940742,234
2026-03-30,0.1.1,2023-04-17T09:54:42.747+00:00,422,5,1,0,23,4.455505909940742,234
2026-03-31,0.1.1,2023-04-17T09:54:42.747+00:00,422,5,1,0,23,4.455453762132847,234
2026-03-31,0.1.1,2023-04-17T09:54:42.747+00:00,422,5,1,0,23,4.455453762132847,234
2026-04-01,0.1.1,2023-04-17T09:54:42.747+00:00,422,5,1,0,23,4.455421030635377,234
2026-04-01,0.1.1,2023-04-17T09:54:42.747+00:00,422,5,1,0,23,4.455421030635377,234
2026-04-02,0.1.1,2023-04-17T09:54:42.747+00:00,422,5,1,0,23,4.4552859421280475,235
2026-04-02,0.1.1,2023-04-17T09:54:42.747+00:00,422,5,1,0,23,4.4552859421280475,235
2026-04-03,0.1.1,2023-04-17T09:54:42.747+00:00,422,5,1,0,23,4.454983648244321,235
2026-04-03,0.1.1,2023-04-17T09:54:42.747+00:00,422,5,1,0,23,4.454983648244321,235
2026-04-04,0.1.1,2023-04-17T09:54:42.747+00:00,422,5,1,0,23,4.45495874300528,235
2026-04-04,0.1.1,2023-04-17T09:54:42.747+00:00,422,5,1,0,23,4.45495874300528,235
2026-04-05,0.1.1,2023-04-17T09:54:42.747+00:00,422,5,1,0,23,4.454811490693045,236
2026-04-05,0.1.1,2023-04-17T09:54:42.747+00:00,422,5,1,0,23,4.454811490693045,236
2026-04-06,0.1.1,2023-04-17T09:54:42.747+00:00,422,5,1,0,23,4.454875151637687,237
2026-04-06,0.1.1,2023-04-17T09:54:42.747+00:00,422,5,1,0,23,4.454875151637687,237
2026-04-07,0.1.1,2023-04-17T09:54:42.747+00:00,422,5,7,0,23,4.454877294027004,239
2026-04-07,0.1.1,2023-04-17T09:54:42.747+00:00,422,5,1,0,23,4.454877294027004,239
2026-04-08,0.1.1,2023-04-17T09:54:42.747+00:00,422,5,7,0,23,4.454955722608295,240
2026-04-08,0.1.1,2023-04-17T09:54:42.747+00:00,422,5,1,0,23,4.454955722608295,240
2026-04-09,0.1.1,2023-04-17T09:54:42.747+00:00,422,5,7,0,23,4.454924521993654,242
2026-04-09,0.1.1,2023-04-17T09:54:42.747+00:00,422,5,1,0,23,4.454924521993654,242
2026-04-10,0.1.1,2023-04-17T09:54:42.747+00:00,422,5,7,0,23,4.454800532166434,244
2026-04-10,0.1.1,2023-04-17T09:54:42.747+00:00,422,5,1,0,23,4.454800532166434,244
2026-04-11,0.1.1,2023-04-17T09:54:42.747+00:00,422,5,7,0,23,4.454749434328537,245
2026-04-11,0.1.1,2023-04-17T09:54:42.747+00:00,422,5,1,0,23,4.454749434328537,245
2026-04-12,0.1.1,2023-04-17T09:54:42.747+00:00,422,5,1,0,23,4.454772286211155,246
2026-04-12,0.1.1,2023-04-17T09:54:42.747+00:00,422,5,1,0,23,4.454772286211155,246
2026-04-13,0.1.1,2023-04-17T09:54:42.747+00:00,422,5,1,0,23,4.45482145894091,247
2026-04-13,0.1.1,2023-04-17T09:54:42.747+00:00,422,5,1,0,23,4.45482145894091,247
2026-04-16,0.1.1,2023-04-17T09:54:42.747+00:00,423,5,1,0,23,4.454800447781845,250
2026-04-16,0.1.1,2023-04-17T09:54:42.747+00:00,423,5,1,0,23,4.454800447781845,250
2026-04-17,0.1.1,2023-04-17T09:54:42.747+00:00,423,5,1,0,23,4.454811192064221,251
2026-04-17,0.1.1,2023-04-17T09:54:42.747+00:00,423,5,1,0,23,4.454811192064221,251
2026-04-18,0.1.1,2023-04-17T09:54:42.747+00:00,423,5,1,0,23,4.454777910410253,252
2026-04-18,0.1.1,2023-04-17T09:54:42.747+00:00,423,5,1,0,23,4.454777910410253,252
2026-04-19,0.1.1,2023-04-17T09:54:42.747+00:00,423,5,1,0,23,4.45467162360743,253
2026-04-19,0.1.1,2023-04-17T09:54:42.747+00:00,423,5,1,0,23,4.45467162360743,253
2026-04-21,0.1.1,2023-04-17T09:54:42.747+00:00,423,5,1,0,23,4.4545426019943895,255
2026-04-21,0.1.1,2023-04-17T09:54:42.747+00:00,423,5,1,0,23,4.4545426019943895,255
2026-04-22,0.1.1,2023-04-17T09:54:42.747+00:00,423,5,1,0,23,4.454523213579991,256
2026-04-22,0.1.1,2023-04-17T09:54:42.747+00:00,423,5,1,0,23,4.454523213579991,256
2026-04-23,0.1.1,2023-04-17T09:54:42.747+00:00,423,5,1,0,23,4.453468401231599,257
2026-04-23,0.1.1,2023-04-17T09:54:42.747+00:00,423,5,1,0,23,4.453468401231599,257
2026-04-24,0.1.1,2023-04-17T09:54:42.747+00:00,423,5,1,0,23,4.454509560606915,258
2026-04-24,0.1.1,2023-04-17T09:54:42.747+00:00,423,5,1,0,23,4.454509560606915,258
2026-04-25,0.1.1,2023-04-17T09:54:42.747+00:00,423,5,1,0,23,4.4544458084882494,259
2026-04-25,0.1.1,2023-04-17T09:54:42.747+00:00,423,5,1,0,23,4.4544458084882494,259
2026-04-26,0.1.1,2023-04-17T09:54:42.747+00:00,423,5,1,0,23,4.454483406386975,260
2026-04-26,0.1.1,2023-04-17T09:54:42.747+00:00,423,5,1,0,23,4.454483406386975,260
2026-04-27,0.1.1,2023-04-17T09:54:42.747+00:00,423,5,1,0,23,4.454354807409401,260
2026-04-27,0.1.1,2023-04-17T09:54:42.747+00:00,423,5,1,0,23,4.454354807409401,260
2026-04-29,0.1.1,2023-04-17T09:54:42.747+00:00,423,5,1,0,23,4.454284499255794,264
2026-04-29,0.1.1,2023-04-17T09:54:42.747+00:00,423,4,1,0,23,4.454284499255794,264
2026-04-30,0.1.1,2023-04-17T09:54:42.747+00:00,423,5,1,0,23,4.45437218399855,265
2026-04-30,0.1.1,2023-04-17T09:54:42.747+00:00,423,4,1,0,23,4.45437218399855,265
2026-05-01,0.1.1,2023-04-17T09:54:42.747+00:00,423,5,1,0,23,4.45425869478313,266
2026-05-01,0.1.1,2023-04-17T09:54:42.747+00:00,423,4,1,0,23,4.45425869478313,266
2026-05-02,0.1.1,2023-04-17T09:54:42.747+00:00,423,5,2,0,23,4.454240102888751,267
2026-05-02,0.1.1,2023-04-17T09:54:42.747+00:00,423,5,2,0,23,4.454240102888751,267
2026-05-03,0.1.1,2023-04-17T09:54:42.747+00:00,423,5,2,0,23,4.454280489555443,268
2026-05-03,0.1.1,2023-04-17T09:54:42.747+00:00,423,5,2,0,23,4.454280489555443,268
2026-05-06,0.1.1,2023-04-17T09:54:42.747+00:00,423,5,2,0,23,4.454492189934802,270
2026-05-06,0.1.1,2023-04-17T09:54:42.747+00:00,423,5,2,0,23,4.454492189934802,270
2026-05-07,0.1.1,2023-04-17T09:54:42.747+00:00,423,5,2,0,23,4.454427651170614,270
2026-05-07,0.1.1,2023-04-17T09:54:42.747+00:00,423,5,2,0,23,4.454427651170614,270
2026-05-08,0.1.1,2023-04-17T09:54:42.747+00:00,423,5,2,0,23,4.454476418118554,270
2026-05-08,0.1.1,2023-04-17T09:54:42.747+00:00,423,5,1,0,23,4.454476418118554,270
2026-05-09,0.1.1,2023-04-17T09:54:42.747+00:00,423,5,2,0,23,4.454337274424393,270
2026-05-09,0.1.1,2023-04-17T09:54:42.747+00:00,423,5,1,0,23,4.454337274424393,270
2026-05-10,0.1.1,2023-04-17T09:54:42.747+00:00,423,5,2,0,23,4.454291526435952,270
2026-05-10,0.1.1,2023-04-17T09:54:42.747+00:00,423,5,3,0,23,4.454291526435952,270
2026-05-11,0.1.1,2023-04-17T09:54:42.747+00:00,423,5,2,0,23,4.454356601297433,270
2026-05-11,0.1.1,2023-04-17T09:54:42.747+00:00,423,5,3,0,23,4.454356601297433,270
2026-05-14,0.1.1,2023-04-17T09:54:42.747+00:00,423,5,1,0,23,4.45438567072224,270
2026-05-14,0.1.1,2023-04-17T09:54:42.747+00:00,423,5,1,0,23,4.45438567072224,270
2026-05-15,0.1.1,2023-04-17T09:54:42.747+00:00,423,5,1,0,23,4.454406049393446,270
2026-05-15,0.1.1,2023-04-17T09:54:42.747+00:00,423,5,1,0,23,4.454406049393446,270
2026-05-16,0.1.1,2023-04-17T09:54:42.747+00:00,423,5,7,0,23,4.454322627084988,270
2026-05-16,0.1.1,2023-04-17T09:54:42.747+00:00,423,5,1,0,23,4.454322627084988,270
2026-05-17,0.1.1,2023-04-17T09:54:42.747+00:00,423,5,7,0,23,4.454176618381464,270
2026-05-17,0.1.1,2023-04-17T09:54:42.747+00:00,423,5,1,0,23,4.454176618381464,270
2026-05-18,0.1.1,2023-04-17T09:54:42.747+00:00,424,5,1,0,23,4.454142351270395,270
2026-05-18,0.1.1,2023-04-17T09:54:42.747+00:00,424,5,2,0,23,4.454142351270395,270
2026-05-19,0.1.1,2023-04-17T09:54:42.747+00:00,424,5,1,0,23,4.454006707290614,270
2026-05-19,0.1.1,2023-04-17T09:54:42.747+00:00,424,5,1,0,23,4.454006707290614,270
2026-05-20,0.1.1,2023-04-17T09:54:42.747+00:00,425,5,1,0,23,4.453965105829124,270
2026-05-20,0.1.1,2023-04-17T09:54:42.747+00:00,425,5,1,0,23,4.453965105829124,270
2026-05-21,0.1.1,2023-04-17T09:54:42.747+00:00,425,5,1,0,23,4.454018432266376,270
2026-05-21,0.1.1,2023-04-17T09:54:42.747+00:00,425,5,1,0,23,4.454018432266376,270
2026-05-22,0.1.1,2023-04-17T09:54:42.747+00:00,425,5,1,0,23,4.454076642109825,270
2026-05-22,0.1.1,2023-04-17T09:54:42.747+00:00,425,5,1,0,23,4.454076642109825,270
2026-05-23,0.1.1,2023-04-17T09:54:42.747+00:00,426,5,1,0,23,4.45408876625546,271
2026-05-23,0.1.1,2023-04-17T09:54:42.747+00:00,426,5,1,0,23,4.45408876625546,271
2026-05-24,0.1.1,2023-04-17T09:54:42.747+00:00,427,5,1,0,23,4.45417718074316,271
2026-05-24,0.1.1,2023-04-17T09:54:42.747+00:00,427,5,1,0,23,4.45417718074316,271
2026-05-25,0.1.1,2023-04-17T09:54:42.747+00:00,427,5,1,0,23,4.454221128519668,271
2026-05-25,0.1.1,2023-04-17T09:54:42.747+00:00,427,5,1,0,23,4.454221128519668,271
2026-05-26,0.1.1,2023-04-17T09:54:42.747+00:00,427,5,1,0,23,4.454239802224969,271
2026-05-26,0.1.1,2023-04-17T09:54:42.747+00:00,427,5,4,0,23,4.454239802224969,271
2026-05-27,0.1.1,2023-04-17T09:54:42.747+00:00,428,5,1,0,23,4.454260740649226,271
2026-05-27,0.1.1,2023-04-17T09:54:42.747+00:00,428,5,1,0,23,4.454260740649226,271
2026-05-28,0.1.1,2023-04-17T09:54:42.747+00:00,428,5,1,0,23,4.454249637244914,271
2026-05-28,0.1.1,2023-04-17T09:54:42.747+00:00,428,5,2,0,23,4.454249637244914,271
2026-05-29,0.1.1,2023-04-17T09:54:42.747+00:00,428,5,1,0,23,4.454212748099141,273
2026-05-29,0.1.1,2023-04-17T09:54:42.747+00:00,428,5,2,0,23,4.454212748099141,273
2026-05-30,0.1.1,2023-04-17T09:54:42.747+00:00,428,5,1,0,23,4.454230282841368,273
2026-05-30,0.1.1,2023-04-17T09:54:42.747+00:00,428,5,1,0,23,4.454230282841368,273
2026-05-31,0.1.1,2023-04-17T09:54:42.747+00:00,428,5,1,0,23,4.454223093810898,273
2026-05-31,0.1.1,2023-04-17T09:54:42.747+00:00,428,5,1,0,23,4.454223093810898,273
2026-06-01,0.1.1,2023-04-17T09:54:42.747+00:00,429,5,1,0,23,4.45424846673036,274
2026-06-01,0.1.1,2023-04-17T09:54:42.747+00:00,429,5,1,0,23,4.45424846673036,274
2026-06-02,0.1.1,2023-04-17T09:54:42.747+00:00,429,5,1,0,23,4.454159660501241,278
2026-06-02,0.1.1,2023-04-17T09:54:42.747+00:00,429,5,1,0,23,4.454159660501241,278
2026-06-03,0.1.1,2023-04-17T09:54:42.747+00:00,429,5,1,0,23,4.454088321280197,278
2026-06-03,0.1.1,2023-04-17T09:54:42.747+00:00,429,5,1,0,23,4.454088321280197,278
2026-06-04,0.1.1,2023-04-17T09:54:42.747+00:00,429,5,1,0,23,4.454084614485478,278
2026-06-04,0.1.1,2023-04-17T09:54:42.747+00:00,429,5,1,0,23,4.454084614485478,278
2026-06-05,0.1.1,2023-04-17T09:54:42.747+00:00,429,5,1,0,23,4.4539657748618025,278
2026-06-05,0.1.1,2023-04-17T09:54:42.747+00:00,429,5,2,0,23,4.4539657748618025,278
2026-06-06,0.1.1,2023-04-17T09:54:42.747+00:00,429,5,1,0,23,4.453773352999017,278
2026-06-06,0.1.1,2023-04-17T09:54:42.747+00:00,429,5,1,0,23,4.453773352999017,278
2026-06-07,0.1.1,2023-04-17T09:54:42.747+00:00,429,5,1,0,23,4.453772993696317,278
2026-06-07,0.1.1,2023-04-17T09:54:42.747+00:00,429,5,1,0,23,4.453772993696317,278
2026-06-08,0.1.1,2023-04-17T09:54:42.747+00:00,430,5,1,0,23,4.45374584630882,278
2026-06-08,0.1.1,2023-04-17T09:54:42.747+00:00,430,5,1,0,23,4.45374584630882,278
2026-06-09,0.1.1,2023-04-17T09:54:42.747+00:00,430,5,1,0,23,4.453588622519159,278
2026-06-09,0.1.1,2023-04-17T09:54:42.747+00:00,430,5,1,0,23,4.453588622519159,278
2026-06-10,0.1.1,2023-04-17T09:54:42.747+00:00,431,5,1,0,24,4.453388165971028,278
2026-06-10,0.1.1,2023-04-17T09:54:42.747+00:00,431,5,1,0,24,4.453388165971028,278
2026-06-11,0.1.1,2023-04-17T09:54:42.747+00:00,431,5,1,0,24,4.453020298961734,278
2026-06-11,0.1.1,2023-04-17T09:54:42.747+00:00,431,5,1,0,24,4.453020298961734,278
2026-06-12,0.1.1,2023-04-17T09:54:42.747+00:00,431,5,1,0,24,4.453117428772963,278
2026-06-12,0.1.1,2023-04-17T09:54:42.747+00:00,431,5,1,0,24,4.453117428772963,278
2026-06-13,0.1.1,2023-04-17T09:54:42.747+00:00,431,5,1,0,24,4.4529220281627975,279
2026-06-13,0.1.1,2023-04-17T09:54:42.747+00:00,431,5,1,0,24,4.4529220281627975,279
2026-06-14,0.1.1,2023-04-17T09:54:42.747+00:00,431,5,1,0,24,4.452845568316929,280
2026-06-14,0.1.1,2023-04-17T09:54:42.747+00:00,431,5,1,0,24,4.452845568316929,280
2026-06-15,0.1.1,2023-04-17T09:54:42.747+00:00,431,5,1,0,24,4.4528858994621485,280
2026-06-15,0.1.1,2023-04-17T09:54:42.747+00:00,431,5,1,0,24,4.4528858994621485,280
2026-06-16,0.1.1,2023-04-17T09:54:42.747+00:00,431,5,1,0,24,4.452758895217098,280
2026-06-16,0.1.1,2023-04-17T09:54:42.747+00:00,431,5,1,0,24,4.452758895217098,280
2026-06-17,0.1.1,2023-04-17T09:54:42.747+00:00,431,5,1,0,24,4.452826953577093,280
2026-06-17,0.1.1,2023-04-17T09:54:42.747+00:00,431,5,1,0,24,4.452826953577093,280
2026-06-18,0.1.1,2023-04-17T09:54:42.747+00:00,431,5,1,0,24,4.45282799404955,280
2026-06-18,0.1.1,2023-04-17T09:54:42.747+00:00,431,5,1,0,24,4.45282799404955,280
2026-06-19,0.1.1,2023-04-17T09:54:42.747+00:00,431,5,1,0,24,4.4526559315498595,281
2026-06-19,0.1.1,2023-04-17T09:54:42.747+00:00,431,5,1,0,24,4.4526559315498595,281
2026-06-20,0.1.1,2023-04-17T09:54:42.747+00:00,431,5,1,0,24,4.452444613040791,281
2026-06-20,0.1.1,2023-04-17T09:54:42.747+00:00,431,5,1,0,24,4.452444613040791,281
2026-06-21,0.1.1,2023-04-17T09:54:42.747+00:00,431,5,1,0,24,4.452423621517478,281
2026-06-21,0.1.1,2023-04-17T09:54:42.747+00:00,431,5,1,0,24,4.452423621517478,281
2026-06-22,0.1.1,2023-04-17T09:54:42.747+00:00,431,5,1,0,24,4.4522631504914045,281
2026-06-22,0.1.1,2023-04-17T09:54:42.747+00:00,431,5,1,0,24,4.4522631504914045,281
2026-06-23,0.1.1,2023-04-17T09:54:42.747+00:00,431,5,1,0,24,4.452128667771303,281
2026-06-23,0.1.1,2023-04-17T09:54:42.747+00:00,431,5,1,0,24,4.452128667771303,281
2026-06-24,0.1.1,2023-04-17T09:54:42.747+00:00,431,5,1,0,24,4.452149995415788,281
2026-06-24,0.1.1,2023-04-17T09:54:42.747+00:00,431,5,1,0,24,4.452149995415788,281
2026-06-25,0.1.1,2023-04-17T09:54:42.747+00:00,431,5,1,0,24,4.4521336396519695,281
2026-06-25,0.1.1,2023-04-17T09:54:42.747+00:00,431,5,1,0,24,4.4521336396519695,281
2026-06-26,0.1.1,2023-04-17T09:54:42.747+00:00,431,5,1,0,24,4.452177949331835,281
2026-06-26,0.1.1,2023-04-17T09:54:42.747+00:00,431,5,1,0,24,4.452177949331835,281
2026-06-27,0.1.1,2023-04-17T09:54:42.747+00:00,431,5,1,0,24,4.452105150673221,281
2026-06-27,0.1.1,2023-04-17T09:54:42.747+00:00,431,5,1,0,24,4.452105150673221,281
2026-06-28,0.1.1,2023-04-17T09:54:42.747+00:00,431,5,3,0,24,4.451953363447687,281
2026-06-28,0.1.1,2023-04-17T09:54:42.747+00:00,431,5,1,0,24,4.451953363447687,281
2026-06-29,0.1.1,2023-04-17T09:54:42.747+00:00,431,5,3,0,24,4.452002123880843,282
2026-06-29,0.1.1,2023-04-17T09:54:42.747+00:00,431,5,1,0,24,4.452002123880843,282
2026-06-30,0.1.1,2023-04-17T09:54:42.747+00:00,431,5,1,0,24,4.451831559937524,282
2026-06-30,0.1.1,2023-04-17T09:54:42.747+00:00,431,5,1,0,24,4.451831559937524,282
2026-07-01,0.1.1,2023-04-17T09:54:42.747+00:00,431,5,1,0,24,4.45188067603091,282
2026-07-01,0.1.1,2023-04-17T09:54:42.747+00:00,431,5,1,0,24,4.45188067603091,282
2026-07-02,0.1.1,2023-04-17T09:54:42.747+00:00,431,5,1,0,24,4.451774515002469,282
2026-07-02,0.1.1,2023-04-17T09:54:42.747+00:00,431,5,1,0,24,4.451774515002469,282
2026-07-03,0.1.1,2023-04-17T09:54:42.747+00:00,431,5,1,0,24,4.45166853549142,282
2026-07-03,0.1.1,2023-04-17T09:54:42.747+00:00,431,5,1,0,24,4.45166853549142,282
2026-07-04,0.1.1,2023-04-17T09:54:42.747+00:00,431,5,1,0,24,4.451678150835573,282
2026-07-04,0.1.1,2023-04-17T09:54:42.747+00:00,431,5,1,0,24,4.451678150835573,282
2026-07-05,0.1.1,2023-04-17T09:54:42.747+00:00,431,5,1,0,24,4.451582051000889,282
2026-07-05,0.1.1,2023-04-17T09:54:42.747+00:00,431,5,1,0,24,4.451582051000889,282
2026-07-06,0.1.1,2023-04-17T09:54:42.747+00:00,431,5,1,0,24,4.451540803897686,282
2026-07-06,0.1.1,2023-04-17T09:54:42.747+00:00,431,5,1,0,24,4.451540803897686,282
2026-07-07,0.1.1,2023-04-17T09:54:42.747+00:00,431,5,1,0,24,4.451534743275986,282
2026-07-07,0.1.1,2023-04-17T09:54:42.747+00:00,431,5,1,0,24,4.451534743275986,282
2026-07-08,0.1.1,2023-04-17T09:54:42.747+00:00,431,5,1,0,24,4.451487450398033,282
2026-07-08,0.1.1,2023-04-17T09:54:42.747+00:00,431,5,1,0,24,4.451487450398033,282
2026-07-09,0.1.1,2023-04-17T09:54:42.747+00:00,431,5,1,0,24,4.451488654825578,282
2026-07-09,0.1.1,2023-04-17T09:54:42.747+00:00,431,5,1,0,24,4.451488654825578,282
2026-07-10,0.1.1,2023-04-17T09:54:42.747+00:00,431,5,1,0,24,4.451504792954114,282
2026-07-10,0.1.1,2023-04-17T09:54:42.747+00:00,431,5,1,0,24,4.451504792954114,282
2026-07-11,0.1.1,2023-04-17T09:54:42.747+00:00,431,5,1,0,24,4.451515612173543,282
2026-07-11,0.1.1,2023-04-17T09:54:42.747+00:00,431,5,1,0,24,4.451515612173543,282
2026-07-12,0.1.1,2023-04-17T09:54:42.747+00:00,431,5,1,0,24,4.4514054369498615,282
2026-07-12,0.1.1,2023-04-17T09:54:42.747+00:00,431,5,1,0,24,4.4514054369498615,282
2026-07-13,0.1.1,2023-04-17T09:54:42.747+00:00,431,5,4,0,24,4.451434509665696,282
2026-07-13,0.1.1,2023-04-17T09:54:42.747+00:00,431,5,4,0,24,4.451434509665696,282
2026-07-14,0.1.1,2023-04-17T09:54:42.747+00:00,431,5,4,0,24,4.451424960966215,282
2026-07-14,0.1.1,2023-04-17T09:54:42.747+00:00,431,5,1,0,24,4.451424960966215,282
2026-07-15,0.1.1,2023-04-17T09:54:42.747+00:00,431,5,3,0,24,4.451437177750922,282
2026-07-15,0.1.1,2023-04-17T09:54:42.747+00:00,431,5,4,0,24,4.451437177750922,282
2026-07-16,0.1.1,2023-04-17T09:54:42.747+00:00,431,5,3,0,24,4.451444286598915,282
2026-07-16,0.1.1,2023-04-17T09:54:42.747+00:00,431,5,4,0,24,4.451444286598915,282
2026-07-17,0.1.1,2023-04-17T09:54:42.747+00:00,431,5,3,0,24,4.451211963052423,282
2026-07-17,0.1.1,2023-04-17T09:54:42.747+00:00,431,5,1,0,24,4.451211963052423,282
2026-07-18,0.1.1,2023-04-17T09:54:42.747+00:00,431,5,3,0,24,4.451189992295232,282
2026-07-18,0.1.1,2023-04-17T09:54:42.747+00:00,431,5,1,0,24,4.451189992295232,282
2026-07-19,0.1.1,2023-04-17T09:54:42.747+00:00,433,5,1,0,24,4.45117246733711,283
2026-07-19,0.1.1,2023-04-17T09:54:42.747+00:00,433,5,1,0,24,4.45117246733711,283
2026-07-20,0.1.1,2023-04-17T09:54:42.747+00:00,433,5,1,0,24,4.451171590743705,283
2026-07-20,0.1.1,2023-04-17T09:54:42.747+00:00,433,5,1,0,24,4.451171590743705,283
2026-07-21,0.1.1,2023-04-17T09:54:42.747+00:00,433,5,1,0,24,4.451169163428252,283
2026-07-21,0.1.1,2023-04-17T09:54:42.747+00:00,433,5,1,0,24,4.451169163428252,283
2026-07-22,0.1.1,2023-04-17T09:54:42.747+00:00,433,5,1,0,24,4.451255946429113,284
2026-07-22,0.1.1,2023-04-17T09:54:42.747+00:00,433,5,1,0,24,4.451255946429113,284
2026-07-23,0.1.1,2023-04-17T09:54:42.747+00:00,433,5,1,0,24,4.4513326871819725,284
2026-07-23,0.1.1,2023-04-17T09:54:42.747+00:00,433,5,1,0,24,4.4513326871819725,284
2026-07-24,0.1.1,2023-04-17T09:54:42.747+00:00,433,5,3,0,24,4.45144978440967,286
2026-07-24,0.1.1,2023-04-17T09:54:42.747+00:00,433,5,1,0,24,4.45144978440967,286
2026-07-25,0.1.1,2023-04-17T09:54:42.747+00:00,433,5,3,0,24,4.4513137183678415,286
2026-07-25,0.1.1,2023-04-17T09:54:42.747+00:00,433,5,1,0,24,4.4513137183678415,286
2026-07-26,0.1.1,2023-04-17T09:54:42.747+00:00,433,5,3,0,24,4.451337610458782,286
2026-07-26,0.1.1,2023-04-17T09:54:42.747+00:00,433,5,1,0,24,4.451337610458782,286
2026-07-27,0.1.1,2023-04-17T09:54:42.747+00:00,433,5,3,0,24,4.451300548300027,287
2026-07-27,0.1.1,2023-04-17T09:54:42.747+00:00,433,5,1,0,24,4.451300548300027,287
2026-07-28,0.1.1,2023-04-17T09:54:42.747+00:00,433,5,3,0,24,4.451392585781348,288
2026-07-28,0.1.1,2023-04-17T09:54:42.747+00:00,433,5,1,0,24,4.451392585781348,288
2026-07-29,0.1.1,2023-04-17T09:54:42.747+00:00,433,5,3,0,24,4.451414886089423,288
2026-07-29,0.1.1,2023-04-17T09:54:42.747+00:00,433,5,1,0,24,4.451414886089423,288
2026-07-30,0.1.1,2023-04-17T09:54:42.747+00:00,433,5,3,0,24,4.451381415875703,288
2026-07-30,0.1.1,2023-04-17T09:54:42.747+00:00,433,5,1,0,24,4.451381415875703,288
2026-07-31,0.1.1,2023-04-17T09:54:42.747+00:00,433,5,3,0,24,4.451357493411987,288
2026-07-31,0.1.1,2023-04-17T09:54:42.747+00:00,433,5,1,0,24,4.451357493411987,288
2026-08-01,0.1.1,2023-04-17T09:54:42.747+00:00,433,5,3,0,24,4.451322674594255,288
2026-08-01,0.1.1,2023-04-17T09:54:42.747+00:00,433,5,1,0,24,4.451322674594255,288
2026-08-02,0.1.1,2023-04-17T09:54:42.747+00:00,433,5,1,0,24,4.451429330884663,288
2026-08-02,0.1.1,2023-04-17T09:54:42.747+00:00,433,5,1,0,24,4.451429330884663,288
2026-08-03,0.1.1,2023-04-17T09:54:42.747+00:00,433,5,1,0,24,4.451450006342457,288
2026-08-03,0.1.1,2023-04-17T09:54:42.747+00:00,433,5,1,0,24,4.451450006342457,288
2026-08-04,0.1.1,2023-04-17T09:54:42.747+00:00,433,5,1,0,24,4.451469531452864,288
2026-08-04,0.1.1,2023-04-17T09:54:42.747+00:00,433,5,1,0,24,4.451469531452864,288
2026-08-05,0.1.1,2023-04-17T09:54:42.747+00:00,433,5,1,0,24,4.451517676035931,288
2026-08-05,0.1.1,2023-04-17T09:54:42.747+00:00,433,5,1,0,24,4.451517676035931,288
2026-08-06,0.1.1,2023-04-17T09:54:42.747+00:00,433,5,1,0,24,4.451517676035931,288
2026-08-06,0.1.1,2023-04-17T09:54:42.747+00:00,433,5,1,0,24,4.451517676035931,288
2026-08-07,0.1.1,2023-04-17T09:54:42.747+00:00,433,5,1,0,24,4.451471856511329,288
2026-08-07,0.1.1,2023-04-17T09:54:42.747+00:00,433,5,1,0,24,4.451471856511329,288
2026-08-08,0.1.1,2023-04-17T09:54:42.747+00:00,433,5,1,0,24,4.451534334117079,288
2026-08-08,0.1.1,2023-04-17T09:54:42.747+00:00,433,5,1,0,24,4.451534334117079,288
2026-08-09,0.1.1,2023-04-17T09:54:42.747+00:00,433,5,1,0,24,4.451588794059502,288
2026-08-09,0.1.1,2023-04-17T09:54:42.747+00:00,433,5,1,0,24,4.451588794059502,288
2026-08-10,0.1.1,2023-04-17T09:54:42.747+00:00,433,5,1,0,24,4.451375295867789,289
2026-08-10,0.1.1,2023-04-17T09:54:42.747+00:00,433,5,1,0,24,4.451375295867789,289
2026-08-11,0.1.1,2023-04-17T09:54:42.747+00:00,433,5,1,0,24,4.451526416310694,289
2026-08-11,0.1.1,2023-04-17T09:54:42.747+00:00,433,5,1,0,24,4.451526416310694,289
2026-08-12,0.1.1,2023-04-17T09:54:42.747+00:00,433,5,1,0,24,4.451527600414428,289
2026-08-12,0.1.1,2023-04-17T09:54:42.747+00:00,433,5,1,0,24,4.451527600414428,289
2026-08-13,0.1.1,2023-04-17T09:54:42.747+00:00,434,5,1,0,24,4.451512487656848,289
2026-08-13,0.1.1,2023-04-17T09:54:42.747+00:00,434,5,1,0,24,4.451512487656848,289
2026-08-14,0.1.1,2023-04-17T09:54:42.747+00:00,434,5,1,0,24,4.451505338806563,289
2026-08-14,0.1.1,2023-04-17T09:54:42.747+00:00,434,5,1,0,24,4.451505338806563,289
2026-08-15,0.1.1,2023-04-17T09:54:42.747+00:00,434,5,1,0,24,4.451513328118419,289
2026-08-15,0.1.1,2023-04-17T09:54:42.747+00:00,434,5,1,0,24,4.451513328118419,289
2026-08-16,0.1.1,2023-04-17T09:54:42.747+00:00,434,5,1,0,24,4.4515605072550954,289
2026-08-16,0.1.1,2023-04-17T09:54:42.747+00:00,434,5,1,0,24,4.4515605072550954,289
2026-08-17,0.1.1,2023-04-17T09:54:42.747+00:00,434,5,1,0,24,4.4515605072550954,289
2026-08-17,0.1.1,2023-04-17T09:54:42.747+00:00,434,5,1,0,24,4.4515605072550954,289
2026-08-18,0.1.1,2023-04-17T09:54:42.747+00:00,434,5,1,0,24,4.451551611138169,289
2026-08-18,0.1.1,2023-04-17T09:54:42.747+00:00,434,5,1,0,24,4.451551611138169,289
2026-08-19,0.1.1,2023-04-17T09:54:42.747+00:00,434,5,1,0,24,4.451507610185385,289
2026-08-19,0.1.1,2023-04-17T09:54:42.747+00:00,434,5,1,0,24,4.451507610185385,289
2026-08-20,0.1.1,2023-04-17T09:54:42.747+00:00,435,5,1,0,24,4.4514824473902435,289
2026-08-20,0.1.1,2023-04-17T09:54:42.747+00:00,435,5,1,0,24,4.4514824473902435,289
2026-08-21,0.1.1,2023-04-17T09:54:42.747+00:00,435,5,3,0,24,4.451494509719119,289
2026-08-21,0.1.1,2023-04-17T09:54:42.747+00:00,435,5,1,0,24,4.451494509719119,289
2026-08-22,0.1.1,2023-04-17T09:54:42.747+00:00,435,5,3,0,24,4.451464530617637,289
2026-08-22,0.1.1,2023-04-17T09:54:42.747+00:00,435,5,1,0,24,4.451464530617637,289
2026-08-23,0.1.1,2023-04-17T09:54:42.747+00:00,435,5,3,0,24,4.451493030124749,289
2026-08-23,0.1.1,2023-04-17T09:54:42.747+00:00,435,5,1,0,24,4.451493030124749,289
2026-08-24,0.1.1,2023-04-17T09:54:42.747+00:00,435,5,3,0,24,4.451501764663513,289
2026-08-24,0.1.1,2023-04-17T09:54:42.747+00:00,435,5,1,0,24,4.451501764663513,289
2026-08-25,0.1.1,2023-04-17T09:54:42.747+00:00,435,5,3,0,24,4.451528698730835,289
2026-08-25,0.1.1,2023-04-17T09:54:42.747+00:00,435,5,1,0,24,4.451528698730835,289
2026-08-26,0.1.1,2023-04-17T09:54:42.747+00:00,435,5,3,0,24,4.451556782050513,289
2026-08-26,0.1.1,2023-04-17T09:54:42.747+00:00,435,5,1,0,24,4.451556782050513,289
2026-08-27,0.1.1,2023-04-17T09:54:42.747+00:00,435,5,3,0,24,4.451494506548961,289
2026-08-27,0.1.1,2023-04-17T09:54:42.747+00:00,435,5,2,0,24,4.451494506548961,289
2026-08-28,0.1.1,2023-04-17T09:54:42.747+00:00,435,5,3,0,24,4.451384726052032,289
2026-08-28,0.1.1,2023-04-17T09:54:42.747+00:00,435,5,2,0,24,4.451384726052032,289
2026-08-29,0.1.1,2023-04-17T09:54:42.747+00:00,435,5,3,0,24,4.451384726052032,289
2026-08-29,0.1.1,2023-04-17T09:54:42.747+00:00,435,5,2,0,24,4.451384726052032,289
2026-08-30,0.1.1,2023-04-17T09:54:42.747+00:00,435,5,3,0,24,4.451384602477363,289
2026-08-30,0.1.1,2023-04-17T09:54:42.747+00:00,435,5,1,0,24,4.451384602477363,289
2026-08-31,0.1.1,2023-04-17T09:54:42.747+00:00,435,5,3,0,24,4.451384602477363,292
2026-08-31,0.1.1,2023-04-17T09:54:42.747+00:00,435,5,1,0,24,4.451384602477363,292
2026-09-01,0.1.1,2023-04-17T09:54:42.747+00:00,435,5,3,0,24,4.451384602477363,292
2026-09-01,0.1.1,2023-04-17T09:54:42.747+00:00,435,5,1,0,24,4.451384602477363,292
2026-09-02,0.1.1,2023-04-17T09:54:42.747+00:00,435,5,3,0,24,4.451384602477363,292
2026-09-02,0.1.1,2023-04-17T09:54:42.747+00:00,435,5,1,0,24,4.451384602477363,292
2026-09-03,0.1.1,2023-04-17T09:54:42.747+00:00,435,5,3,0,24,4.451377080589151,292
2026-09-03,0.1.1,2023-04-17T09:54:42.747+00:00,435,5,1,0,24,4.451377080589151,292
2026-09-04,0.1.1,2023-04-17T09:54:42.747+00:00,435,5,3,0,24,4.45135539465023,292
2026-09-04,0.1.1,2023-04-17T09:54:42.747+00:00,435,5,1,0,24,4.45135539465023,292
2026-09-05,0.1.1,2023-04-17T09:54:42.747+00:00,435,5,3,0,24,4.451378670973145,292
2026-09-05,0.1.1,2023-04-17T09:54:42.747+00:00,435,5,1,0,24,4.451378670973145,292
2026-09-06,0.1.1,2023-04-17T09:54:42.747+00:00,435,5,3,0,24,4.451378670973145,292
2026-09-06,0.1.1,2023-04-17T09:54:42.747+00:00,435,5,1,0,24,4.451378670973145,292
2026-09-07,0.1.1,2023-04-17T09:54:42.747+00:00,435,5,1,0,24,4.451378670973145,292
2026-09-07,0.1.1,2023-04-17T09:54:42.747+00:00,435,5,1,0,24,4.451378670973145,292
2026-09-08,0.1.1,2023-04-17T09:54:42.747+00:00,435,5,1,0,24,4.451378670973145,292
2026-09-08,0.1.1,2023-04-17T09:54:42.747+00:00,435,5,1,0,24,4.451378670973145,292
2026-09-09,0.1.1,2023-04-17T09:54:42.747+00:00,435,5,1,0,24,4.451378670973145,292
2026-09-09,0.1.1,2023-04-17T09:54:42.747+00:00,435,5,1,0,24,4.451378670973145,292
2026-09-10,0.1.1,2023-04-17T09:54:42.747+00:00,435,5,1,0,24,4.451378670973145,292
2026-09-10,0.1.1,2023-04-17T09:54:42.747+00:00,435,5,1,0,24,4.451378670973145,292
2026-09-11,0.1.1,2023-04-17T09:54:42.747+00:00,435,5,1,0,24,4.451378670973145,292
2026-09-11,0.1.1,2023-04-17T09:54:42.747+00:00,435,5,1,0,24,4.451378670973145,292
2026-09-12,0.1.1,2023-04-17T09:54:42.747+00:00,435,5,1,0,24,4.451378670973145,292
2026-09-12,0.1.1,2023-04-17T09:54:42.747+00:00,435,5,1,0,24,4.451378670973145,292
2026-09-13,0.1.1,2023-04-17T09:54:42.747+00:00,435,5,1,0,24,4.451378670973145,298
2026-09-13,0.1.1,2023-04-17T09:54:42.747+00:00,435,5,1,0,24,4.451378670973145,298
2026-09-14,0.1.1,2023-04-17T09:54:42.747+00:00,435,5,1,0,24,4.450484661333206,298
2026-09-14,0.1.1,2023-04-17T09:54:42.747+00:00,435,5,1,0,24,4.450484661333206,298
2026-09-15,0.1.1,2023-04-17T09:54:42.747+00:00,435,5,1,0,24,4.450484661333206,298
2026-09-15,0.1.1,2023-04-17T09:54:42.747+00:00,435,5,1,0,24,4.450484661333206,298
2026-09-16,0.1.1,2023-04-17T09:54:42.747+00:00,435,5,1,0,24,4.450484661333206,298
2026-09-16,0.1.1,2023-04-17T09:54:42.747+00:00,435,5,1,0,24,4.450484661333206,298
2026-09-17,0.1.1,2023-04-17T09:54:42.747+00:00,435,5,1,0,24,4.450484661333206,298
2026-09-17,0.1.1,2023-04-17T09:54:42.747+00:00,435,4,1,0,24,4.450484661333206,298
2026-09-18,0.1.1,2023-04-17T09:54:42.747+00:00,435,5,1,0,24,4.450484661333206,298
2026-09-18,0.1.1,2023-04-17T09:54:42.747+00:00,435,5,1,0,24,4.450484661333206,298
2026-09-19,0.1.1,2023-04-17T09:54:42.747+00:00,435,5,1,0,24,4.450484661333206,298
2026-09-19,0.1.1,2023-04-17T09:54:42.747+00:00,435,5,1,0,24,4.450484661333206,298
2026-09-20,0.1.1,2023-04-17T09:54:42.747+00:00,435,5,1,0,24,4.450349442379182,298
2026-09-20,0.1.1,2023-04-17T09:54:42.747+00:00,435,5,1,0,24,4.450349442379182,298
2026-09-21,0.1.1,2023-04-17T09:54:42.747+00:00,435,5,1,0,24,4.450381770176732,298
2026-09-21,0.1.1,2023-04-17T09:54:42.747+00:00,435,5,1,0,24,4.450381770176732,298
2026-09-22,0.1.1,2023-04-17T09:54:42.747+00:00,435,5,3,0,24,4.450477922819031,298
2026-09-22,0.1.1,2023-04-17T09:54:42.747+00:00,435,5,3,0,24,4.450477922819031,298
2026-09-23,0.1.1,2023-04-17T09:54:42.747+00:00,435,5,1,0,24,4.4503060193713235,298
2026-09-23,0.1.1,2023-04-17T09:54:42.747+00:00,435,5,1,0,24,4.4503060193713235,298
2026-09-24,0.1.1,2023-04-17T09:54:42.747+00:00,435,5,1,0,24,4.4501817404319,298
2026-09-24,0.1.1,2023-04-17T09:54:42.747+00:00,435,5,1,0,24,4.4501817404319,298
2026-09-25,0.1.1,2023-04-17T09:54:42.747+00:00,435,5,1,0,24,4.450131202431698,298
2026-09-25,0.1.1,2023-04-17T09:54:42.747+00:00,435,5,1,0,24,4.450131202431698,298
2026-09-26,0.1.1,2023-04-17T09:54:42.747+00:00,435,5,1,0,24,4.4499718092525,299
2026-09-26,0.1.1,2023-04-17T09:54:42.747+00:00,435,5,1,0,24,4.4499718092525,299
2026-09-27,0.1.1,2023-04-17T09:54:42.747+00:00,435,5,1,0,24,4.449966771100351,299
2026-09-27,0.1.1,2023-04-17T09:54:42.747+00:00,435,5,1,0,24,4.449966771100351,299
2026-09-28,0.1.1,2023-04-17T09:54:42.747+00:00,435,5,1,0,24,4.450020762887821,299
2026-09-28,0.1.1,2023-04-17T09:54:42.747+00:00,435,5,1,0,24,4.450020762887821,299
2026-09-29,0.1.1,2023-04-17T09:54:42.747+00:00,435,5,1,0,24,4.450071165935239,302
2026-09-29,0.1.1,2023-04-17T09:54:42.747+00:00,435,5,1,0,24,4.450071165935239,302
2026-09-30,0.1.1,2023-04-17T09:54:42.747+00:00,436,5,1,0,24,4.450064612502816,302
2026-09-30,0.1.1,2023-04-17T09:54:42.747+00:00,436,5,1,0,24,4.450064612502816,302
2026-10-01,0.1.1,2023-04-17T09:54:42.747+00:00,437,5,1,0,24,4.450087399638551,302
2026-10-01,0.1.1,2023-04-17T09:54:42.747+00:00,437,5,1,0,24,4.450087399638551,302
2026-10-02,0.1.1,2023-04-17T09:54:42.747+00:00,438,5,1,0,24,4.4496852179784065,302
2026-10-02,0.1.1,2023-04-17T09:54:42.747+00:00,438,5,1,0,24,4.4496852179784065,302
2026-10-03,0.1.1,2023-04-17T09:54:42.747+00:00,438,5,1,0,24,4.449064756718362,302
2026-10-03,0.1.1,2023-04-17T09:54:42.747+00:00,438,5,1,0,24,4.449064756718362,302
2026-10-04,0.1.1,2023-04-17T09:54:42.747+00:00,438,5,1,0,24,4.448489836519844,302
2026-10-04,0.1.1,2023-04-17T09:54:42.747+00:00,438,5,1,0,24,4.448489836519844,302
2026-10-06,0.1.1,2023-04-17T09:54:42.747+00:00,438,5,1,0,24,4.448133835947995,302
2026-10-06,0.1.1,2023-04-17T09:54:42.747+00:00,438,5,1,0,24,4.448133835947995,302
2026-10-07,0.1.1,2023-04-17T09:54:42.747+00:00,438,5,1,0,24,4.4481343018716135,302
2026-10-07,0.1.1,2023-04-17T09:54:42.747+00:00,438,5,1,0,24,4.4481343018716135,302
2026-10-08,0.1.1,2023-04-17T09:54:42.747+00:00,438,5,1,0,24,4.448191859227549,302
2026-10-08,0.1.1,2023-04-17T09:54:42.747+00:00,438,5,1,0,24,4.448191859227549,302
2026-10-09,0.1.1,2023-04-17T09:54:42.747+00:00,438,5,1,0,24,4.448140749846343,302
2026-10-09,0.1.1,2023-04-17T09:54:42.747+00:00,438,5,1,0,24,4.448140749846343,302
2026-10-10,0.1.1,2023-04-17T09:54:42.747+00:00,438,5,1,0,24,4.4480584704102855,302
2026-10-10,0.1.1,2023-04-17T09:54:42.747+00:00,438,5,1,0,24,4.4480584704102855,302
